168	160	96.4	183	447	200	27.3	113	154	4.19e-06	2.84	15.6	43.5	78	315	219	2.63e-09	241	5.63e-05	0.00918	673	91	189	3.22e-09	36.2	121	1080	1050	158	70.9	622	582	196	866	271	196	6.61e-09	71.4	193	0.0783
21.7	135	203	107	366	217	2.9e-09	104	171	3.25e-08	28	20	52.7	53.5	281	1.98e-09	39.8	251	0	0	691	1.76e-08	259	2.34e-09	30.8	92.7	1260	849	243	86.3	864	754	445	787	320	176	7.32e-09	64.4	187	75.9
244	172	62.4	117	401	465	25.3	73.1	129	0.967	1.51e-08	4.85	36.8	102	283	299	49.7	284	0	0	609	243	319	128	68.9	124	615	2920	158	3.2e-09	1540	625	1020	884	399	175	7.91e-09	59.7	186	36.8
51.9	144	214	0.00361	332	329	37.5	74.2	115	44.8	0	0	56.6	12.9	245	381	114	163	0	0	466	267	266	46.6	27.2	93.1	328	2990	196	2.57e-09	876	681	2.74e-09	764	248	178	7.42e-09	63.6	181	120
189	135	143	45	10.1	303	65.2	92.1	58.7	126	1.04e-08	7.01	63.5	6.1e-08	261	78.8	1.53e-08	41.4	0	0	650	174	233	119	43.5	112	502	2810	206	147	1780	557	634	698	154	177	6.58e-09	71.7	170	162
245	140	58.6	144	344	378	3.2e-09	94.5	113	81.8	2.67	2.75e-08	43.5	67.7	122	184	50.7	343	0	0	758	161	274	159	25.3	114	737	2050	219	443	1410	289	903	673	251	182	7.13e-09	66.2	182	75.5
4.51e-09	144	60.9	31.8	3.79e-09	219	7.29e-09	41.4	134	7.91	0	0	64.8	0.674	88.7	6.27e-09	2.11e-09	300	0	0	53.6	350	244	27.6	33.8	116	634	2.92e-09	225	2.24e-09	350	378	7.05e-09	297	1.5e-09	238	6.6e-09	71.5	217	4.22e-09
5.81e-09	112	17.6	16.6	4.84	94.4	8.02e-08	3.77	127	2.09e-05	0	0	58	46.5	55.7	9.98e-09	2.76e-09	229	0	0	38.7	216	207	2.93e-09	18.1	106	579	9.9	202	2.5e-09	367	259	6.54e-09	320	1.41e-09	254	8.55e-09	55.2	204	4.49e-09
160	154	51.7	45.1	143	86.8	4.63	137	152	0.00767	0	0	69.6	1.18e-09	17.9	0.157	1.3e-08	48.8	0	0	283	198	281	2.17e-09	53.9	69.8	1280	10.6	243	2.08e-09	324	678	34.1	438	62.8	260	7.13e-09	66.2	191	4.8e-09
288	154	15	163	312	123	41.3	159	96.8	23.8	6.88e-09	10.6	39.9	61.4	320	275	119	214	0.00113	0.00114	632	89.1	213	145	42.8	87.1	1430	901	186	207	910	385	377	841	386	134	7.32e-09	64.5	184	217
221	128	126	57.7	426	327	0.36	33	156	9.42	0.177	0.166	64	0.00517	166	221	13	172	0	0	594	113	209	2.91e-09	44.8	67.8	2.59	3320	198	2.55e-09	325	521	628	358	159	196	7e-09	67.4	165	70.6
122	129	247	94.9	449	44.1	7.83	39.2	144	10.4	63.2	37.4	61.5	16.9	169	147	1.86e-09	339	0.000365	0.000369	735	3.96e-08	206	64.9	35.6	115	492	2630	195	2.59e-09	1190	352	88.1	791	132	236	6.92e-09	68.2	195	4.69e-09
187	163	199	38.4	234	345	10.8	103	108	101	0	0	33	112	244	56.2	104	232	0	0	634	126	355	29.6	37.6	98.7	940	2310	238	9.94	3050	9.54e-10	200	771	104	235	7.22e-09	65.4	214	77.9
280	154	252	52.3	463	407	79.1	115	162	1.15e-09	0.569	2.93	49.2	51.2	122	649	357	188	0	0	530	282	282	65.5	6.69	68.5	495	2930	248	220	2260	519	1250	636	417	155	8.88e-09	53.2	187	193
112	97.1	181	122	109	395	3.5e-09	86.3	158	0.0108	0	0	53.2	49.7	337	126	3.03e-09	209	0	0	707	22.6	300	2.18e-08	28.5	87.2	734	1640	154	3.27e-09	1940	721	403	851	360	197	6.97e-09	67.8	198	4.62e-09
241	120	264	1.74e-09	311	527	185	97	101	78.4	1.5e-08	4.87	56.4	20	354	250	194	290	3.16e-05	0.0166	664	203	282	183	53.5	59.2	148	2970	85.9	676	1760	426	53.3	738	334	156	7.69e-09	61.4	208	34.9
543	164	39.4	220	441	326	24.3	95.9	63	166	2.16e-08	3.39	59.1	41.7	263	303	58.4	281	0	0	528	75.9	316	77.6	23.2	122	1100	2360	234	210	1070	763	1090	704	181	216	7.91e-09	59.6	180	498
429	133	237	1.19	322	395	60.1	102	151	3.39	7.89	30.6	53.8	71.1	219	236	120	242	0	0	503	154	260	69	16.2	117	233	2360	84.7	33.8	1200	131	2.72e-09	770	198	217	7.19e-09	65.7	210	4.37e-09
377	152	109	38.4	271	393	95.8	68.5	90.8	0.00215	0	0	50.1	67.4	329	1.69e-09	572	201	0	0	437	386	208	22.4	50	53.9	293	3230	197	312	2060	1.41e-09	979	703	191	195	7.19e-09	65.6	198	362
208	112	200	42.8	490	346	5.58	106	166	6.91e-10	7.64	22.4	57.6	35.8	282	344	233	196	0	0	581	215	321	68.6	12.2	125	188	3470	200	475	3140	561	2.71e-09	774	261	180	7.86e-09	60.1	214	183
261	195	140	29.6	1.58e-09	525	3.26e-09	92.8	68.3	67.5	0	0	70.3	0.323	192	2.9e-09	111	370	0.000189	0.00219	556	43.9	318	64	17	126	686	765	207	98.6	2330	1.25e-09	762	739	126	219	7.1e-09	66.5	188	76.4
205	147	94.8	109	298	377	6.27e-09	48.2	93.4	119	0	0	52.1	22.2	178	135	176	266	0	0	502	95.9	266	2.28e-09	42.3	110	1000	1460	228	27.3	708	630	298	740	239	159	6.8e-09	69.4	204	26
34	159	200	62.9	204	212	5.9	21.9	119	31	5.56e-09	13.2	42.3	97.9	333	103	25.8	266	0	0	499	102	149	4.07e-09	1.31e-09	86.1	969	1910	148	45.7	1290	601	377	668	31.9	262	6.57e-09	71.8	208	4.42e-09
3.82e-09	171	173	88.5	399	387	92	128	132	33.1	0	0	67.1	2.33e-09	449	1.24e-09	171	381	0	0	585	236	227	255	74.5	83.5	963	1970	177	2.85e-09	489	1070	389	434	123	249	6.84e-09	69	203	73.4
258	164	41.4	107	411	423	51	5.92e-09	82.2	67.3	0	0	43.2	68.9	234	129	53.9	82.4	0.00027	0.00109	601	132	272	18.7	103	63.7	327	2720	185	101	1980	249	649	417	220	168	7.07e-09	66.8	199	253
27.3	134	41.4	29.2	362	388	99.8	99.6	157	7.27e-08	0	0	63.5	15.6	208	99.4	220	161	0	0	455	206	300	99.8	32	127	979	1110	199	5.96	1470	1.98e-09	976	563	143	214	7.51e-09	62.8	215	49.6
5.75e-09	113	199	91.6	450	510	3.17e-09	95.3	110	2.58	4.67e-09	15.7	59.6	49.7	233	232	269	232	0	0	670	135	220	2.76e-09	37.8	133	939	1680	74.1	6.81e-09	2200	1.32e-09	785	785	57.8	209	7.03e-09	67.1	217	4.23e-09
384	173	2.43e-09	189	61.6	461	3.98e-09	75.8	125	5.8	2.49e-08	2.94	66.3	1.24e-09	52.9	476	0.0564	351	0.000231	0.0017	500	81	336	101	55.2	124	883	1820	217	341	1590	232	756	657	167	190	7.63e-09	61.8	185	282
124	169	62.6	25	56.3	322	21	107	147	6.53	4.63e-09	15.8	57.3	42.9	92.4	214	116	232	0	0	638	28.8	272	2.23e-09	46.8	117	1110	1540	221	178	1030	506	120	649	113	238	6.65e-09	70.9	238	24.7
461	106	137	169	168	544	16.5	59.3	135	0.000452	0	0	66	1.25e-09	313	162	205	247	0	0	533	389	273	4.22	31	108	1160	1030	205	339	1640	424	1000	605	292	187	8.15e-09	57.9	205	4.47e-09
134	113	94.4	94.5	295	2.81e-09	16.2	96.7	160	2.62e-07	0	0	44.1	77.1	243	2.29e-09	95	263	0	0	663	232	205	390	28.5	123	267	2390	167	7.57	1050	347	5.37e-09	390	301	204	7.48e-09	63.1	133	517
39.8	168	142	36.2	340	369	78.6	81.6	130	31.1	1.78e-09	41.1	50.3	63.2	370	95.8	2.61e-09	242	0	0	636	243	240	137	9.9	115	1410	780	220	252	853	905	2.77e-09	755	212	232	6.97e-09	67.7	206	279
150	163	39.5	147	477	271	11.4	83.5	114	46.6	9.52	38.5	48.5	67.1	191	22.1	67.9	189	0	0	705	27.4	249	35.5	75.4	90.4	964	1730	249	141	1150	424	824	846	431	144	7.18e-09	65.7	219	4.19e-09
178	124	19.9	57.6	123	352	2.65e-09	114	68.9	89.9	1.34e-08	5.45	59.2	27.2	325	112	149	274	0	0	648	136	207	144	44.7	93.9	940	1640	231	2.19e-09	1430	219	108	694	63.9	256	7.35e-09	64.2	184	344
307	127	72.5	117	256	421	29.1	69.9	96.2	38.3	0	0	53.1	53.1	158	229	362	86.5	0	0	668	266	286	86.8	73.3	70	460	2330	144	437	2250	231	2.82e-09	743	257	163	7.47e-09	63.2	229	4e-09
4.79e-09	136	399	113	695	1.19e-09	61.3	151	48.8	198	108	19	58.9	29.2	99.6	569	378	142	0	0	786	50.5	286	33.7	38.8	59.7	75.6	2880	229	203	721	1240	266	782	422	184	6.79e-09	69.5	167	5.5e-09
64.3	128	106	49.3	171	437	4.01e-09	75.3	149	32.4	1.04e-08	7.02	58.7	31.4	367	171	260	179	0	0	657	124	309	104	20.5	110	789	2610	214	148	1200	227	16.7	699	209	219	7.02e-09	67.2	158	5.8e-09
194	156	35.9	152	118	325	23	61.2	111	57.7	22.3	43.1	64.8	19.8	120	368	215	316	0	0	741	0.204	244	139	62.9	107	644	2920	228	268	1960	275	99.5	924	100	228	7.06e-09	66.8	227	26.8
4.12e-09	158	119	145	372	357	3.63e-09	83.2	127	39.6	6.36	23.3	48.7	58.5	215	323	75.9	279	0	0	672	21.3	224	89	48.7	87.6	801	2090	278	213	1330	748	661	514	189	231	7.39e-09	63.9	211	4.35e-09
74.9	136	110	34.4	571	535	178	129	158	1.19e-05	0.702	5.18	48.7	55	70.9	325	219	177	0	0	686	160	303	2	37.2	96.7	1100	2070	220	348	1050	962	0.00149	956	216	210	9.72e-09	48.5	216	231
4.84e-09	135	0.000209	213	458	65	195	94.1	136	69.2	2.76	23.4	30.4	122	230	2.41e-09	135	4.67e-09	0	0	387	266	223	182	37.7	131	314	2400	247	50.9	919	715	123	822	143	242	7.41e-09	63.7	222	69.1
254	145	239	16.1	88.8	498	18.6	128	152	0.776	0.695	0.149	57	22	459	72.2	41.7	183	0	0	586	230	284	49.5	25.2	123	452	3620	212	343	2450	447	1240	842	317	159	155	35.8	196	371
198	121	418	1.1e-09	384	373	12.7	137	162	3.49	0	0	40.5	86.3	408	37.4	481	100	0	0	688	178	263	24.4	34.4	105	917	2160	254	282	2080	283	487	502	47.5	252	7.3e-09	64.6	217	4.23e-09
151	131	117	98.7	471	405	6.97	169	83.4	91.7	0.521	2.68	52.5	12.8	260	354	3.95e-09	160	0	0	465	302	234	77.6	50.5	73.8	673	2250	271	61.9	449	530	659	800	411	161	7.89e-09	59.8	205	61.2
354	114	202	150	102	527	4.89e-09	61.8	166	0.457	0	0	47.6	60.8	38.4	376	102	243	0	0	705	117	200	257	84.7	121	727	2540	187	178	282	1130	1320	653	522	119	9.92e-09	47.6	192	19.2
108	156	136	74.9	464	278	28.7	62	94.5	4.8	0.649	7.5	61.4	12	367	96.1	4.05e-09	156	0	0	343	95.2	149	86.2	73.2	102	1370	430	178	0.0399	1290	167	55.1	487	195	230	8.12e-09	58.1	223	4.12e-09
172	174	118	146	416	279	80.3	120	89.6	118	6.28e-09	11.6	47.8	79.1	445	1.25e-09	162	275	0	0	451	154	224	1.34	36.6	100	748	2450	248	110	1120	785	597	559	274	199	7.13e-09	66.2	195	0.32
244	162	90.6	118	52.9	444	77.1	143	178	3.47	0	0	50.7	61.2	322	104	376	176	0	0	585	205	211	181	33.5	125	1020	1810	218	3.27e-07	1490	241	279	735	52	259	6.66e-09	70.9	202	51.3
206	138	25.8	45.4	351	329	86.6	59.5	93.9	70.6	0.213	9.32	56.5	46.6	322	107	34	217	0	0	631	91.7	216	2.82e-09	79.9	75.9	954	2040	161	204	935	605	122	849	325	208	6.94e-09	68	226	4.06e-09
238	139	74.2	111	411	379	40.8	110	152	8.33e-05	9.71	16.5	58.6	22.9	88.7	355	265	183	0	0	640	280	268	179	62.8	98.1	637	2360	237	101	1720	438	95.7	812	245	189	6.81e-09	69.4	198	244
171	143	67	57.7	366	253	65	81.2	149	25.1	0.537	1.88	40.8	109	321	70	336	285	0	0	635	170	189	3.21e-09	55.4	68	955	1780	132	3.83e-09	1080	771	1070	590	136	250	7.7e-09	61.3	229	94.8
36.7	169	126	166	365	2.27e-09	178	15.6	53.9	180	1.53e-08	4.78	39.2	102	284	1.96e-09	1.9e-09	333	0.0106	0.126	587	150	126	116	28.4	116	490	1590	195	75.6	628	580	30	460	74.2	274	7.15e-09	66	211	4.34e-09
318	159	104	40.2	371	95.2	2.02e-08	15	132	3.1	1.09	0.0955	49.4	59.6	285	33.6	4.46e-09	142	0	0	613	28.2	265	2.29e-09	59.7	117	839	2200	220	120	1900	69.4	2.62e-09	801	175	217	7.68e-09	61.5	180	137
114	173	212	51.3	350	325	31.5	58.3	160	0.48	17.3	21.8	60.6	32.5	267	244	265	116	8.24e-05	0.00614	450	116	257	2.36e-09	31.5	112	793	1700	255	15.7	1530	690	1140	648	208	213	69	65.5	207	4.43e-09
46.4	151	21.5	178	220	401	114	57.9	48.2	163	26	17.1	30	124	491	62.8	132	235	0.000159	0.00282	619	207	223	184	24.2	126	985	1610	244	257	1160	654	47.1	694	60.8	251	7.09e-09	66.6	208	123
358	93.4	217	70.1	398	201	5.21	37.3	107	77.6	1.79e-08	4.09	54.9	32.4	121	551	341	197	0.00035	0.000381	749	85.1	248	32.9	55.6	90.2	667	2160	237	2.13e-09	2400	203	74.5	717	265	160	9.27e-09	50.9	219	182
208	136	73.2	146	259	337	40.6	72.8	45.1	187	0	0	46.3	55.7	129	359	439	200	0	0	525	222	221	336	53.5	111	260	2830	136	410	2190	27.3	1160	657	323	162	7.06e-09	66.9	183	152
540	128	295	57.8	582	515	1.05e-08	28.9	110	46	4.46e-09	16.4	50.7	51.5	190	83.7	303	319	0	0	830	4.63e-05	208	142	37.4	125	919	2250	186	288	1960	544	161	655	429	151	7.86e-09	60.1	144	125
236	171	207	45	180	429	0.562	97.8	147	7.06	1.23e-08	5.94	50.2	58.8	289	195	436	103	0	0	592	362	253	210	30	103	417	2980	197	30.4	2320	30.8	1000	474	180	226	7.02e-09	67.2	181	84.2
487	94.1	89.9	64.5	404	310	10.3	70.8	114	41	0	0	63.1	16.3	273	1.15e-07	2.67e-09	237	0	0	645	188	224	2.26e-05	77.8	102	759	2050	136	25.4	1190	803	0.158	646	261	184	7.19e-09	65.7	216	141
84.9	125	156	43.5	328	107	63.9	144	141	0.474	0.556	1.95	59.4	24.4	262	31.9	2.36e-09	268	0	0	505	233	326	110	36	99.2	714	1750	151	101	845	800	670	745	350	170	6.78e-09	69.6	183	5.02e-09
20.5	189	7.22	185	321	391	28.9	111	154	8.37e-10	0.376	4.44	42.1	76.8	426	48.8	263	210	5.18e-05	0.01	641	101	260	142	56.7	105	655	2000	147	428	786	866	2.24e-09	933	297	194	7.43e-09	63.5	166	5.52e-09
412	96.1	90.9	163	510	436	77.7	131	101	96	0	0	40	90.4	253	633	211	285	0.000368	0.000373	642	145	283	184	32.6	104	815	2480	216	381	1970	437	1450	825	241	215	6.83e-09	69.1	195	4.7e-09
228	69.6	73	155	350	306	96.4	3.13e-09	144	0.422	24	11.1	47.6	74	418	55.1	145	233	0	0	531	96.7	174	157	57.1	90	1290	859	93.7	5.39e-09	447	1220	30	748	163	237	7.22e-09	65.4	219	296
194	118	104	219	293	274	3.26e-09	92.5	150	0.472	1.12	33.6	58.4	34.7	215	99.1	137	205	0	0	687	153	273	2.23e-09	46.8	88.7	1120	1530	282	10.7	928	443	708	757	84.8	225	7.32e-09	64.5	232	5.64e-09
95.7	182	3.58e-07	183	195	391	80.2	51	169	14.4	3.2e-09	22.9	53.1	45.8	503	0.455	219	103	6.59	237	709	10.3	259	2.35e-09	19.4	124	1090	1450	206	105	554	751	458	686	290	182	6.67e-09	70.7	194	4.73e-09
185	146	252	0.11	557	341	89.5	40.2	115	2.41e-05	0.045	21	53.3	33.8	481	42.8	24.3	138	357	0.0401	693	139	282	91.9	79.7	91.7	578	3140	201	420	802	795	601	873	291	197	6.84e-09	69	201	4.57e-09
4.61e-09	141	146	77.2	535	322	26.2	99.6	137	22	0.445	15.7	38.9	110	263	2.11e-09	371	288	0	0	758	93.6	235	335	45	123	1190	1290	252	2e-09	250	907	432	609	451	170	7.84e-09	60.2	181	11.6
4.88e-09	134	104	95	109	247	0.0522	72.9	138	0.0876	4.8	33.5	34.4	120	461	1.21e-09	112	160	0	0	634	233	242	69	1.82	104	552	1820	197	357	1370	400	3.86e-09	543	507	162	6.96e-09	67.8	235	3.9e-09
144	73.6	73.9	149	405	338	113	51.2	137	25.1	4.04e-09	18.1	36.1	115	340	26.9	60.1	277	0	0	635	60.7	231	15	41.1	88.8	641	1630	182	192	755	355	115	660	154	214	7.33e-09	64.4	198	7.3
258	146	99.7	117	131	274	19.9	156	144	0.000395	0	0	48	62.8	326	137	370	154	0	0	562	249	250	156	20.9	88	378	2780	253	88	1030	715	2.71e-09	772	1.56e-09	230	6.98e-09	67.6	176	5.21e-09
226	141	371	18.4	80.9	375	3.18e-09	95.1	128	29.1	0.302	0.111	34	105	160	86.2	2.3e-06	106	0	0	593	201	157	178	9.78	121	942	2100	191	51	602	680	914	772	126	226	7.02e-09	67.2	189	267
105	154	304	114	546	113	113	174	74.8	145	0	0	65.8	1.25e-09	62	257	25.9	221	0	0	733	163	275	204	25.8	93.5	175	2710	149	71.7	534	880	172	421	125	239	6.86e-09	68.8	185	275
410	141	160	114	507	34	28.7	28.4	136	19.1	6.03e-09	12.1	64.9	1.27e-09	318	62.9	138	39.9	0	0	553	201	219	161	8.43	79.1	167	2490	125	98.5	326	893	2.62e-09	801	312	123	7.12e-09	66.3	181	347
253	151	18.2	307	315	390	39	73.2	129	51.5	0	0	51.1	53.4	428	1.3e-09	775	114	0.000194	0.00209	619	203	177	190	74	99.4	1340	1260	190	69.6	841	484	299	957	115	230	49.9	63.3	180	189
20.3	173	169	167	542	421	62.4	65.4	125	72.3	0.387	9.01	56.9	52.9	245	378	350	246	0	0	723	147	274	167	55.1	125	548	2640	241	263	1740	150	688	695	307	164	6.76e-09	69.8	196	4.67e-09
515	149	193	109	242	408	53.5	122	169	6.81e-10	0	0	65.9	0.000135	188	368	72.8	285	0	0	605	300	211	249	27.9	64	949	2350	224	64.7	1750	592	1130	811	228	155	7.1e-09	66.5	186	66.8
360	107	33.3	85.2	443	430	99.4	39.9	133	49.3	0	0	53.8	34	184	321	31.5	201	0	0	735	36.2	304	78.9	58	64.9	1330	1380	129	239	2150	193	1290	663	392	166	7.39e-09	63.9	204	4.49e-09
198	157	126	145	432	397	3.5e-09	86.3	163	4.14	0	0	42.7	88.6	273	219	47.2	157	0	0	640	197	325	147	4.66	95.2	484	3170	210	347	2200	334	684	716	383	181	7.57e-09	62.4	217	4.22e-09
5.36e-09	122	110	206	215	22.3	94.3	83.3	119	56.3	8.36	43.6	37.8	67.2	185	95	2.17e-09	291	0	0	777	280	245	66.1	14.5	126	789	2370	231	2.18e-09	675	901	224	839	324	181	6.53e-09	72.3	166	204
216	190	167	42.2	474	423	102	106	164	7.27	0	0	61.4	10.6	312	169	309	222	0.000229	0.00157	600	199	271	192	1.01e-09	111	581	1940	238	110	2290	331	174	787	299	188	17.9	62.4	154	89
77.8	201	134	111	340	240	116	46	142	8.08e-10	0.948	13.5	57.4	29	284	114	3.89e-09	163	9.49e-05	0.00525	696	91	276	2.2e-09	78.1	123	924	1640	48.2	1.05e-08	557	763	572	809	98.8	240	7.14e-09	66.1	189	17.1
407	179	285	1.61e-09	16.9	262	0.366	80.7	118	53.6	4.14	11.6	54	31.7	277	202	120	285	0	0	625	249	229	332	26.1	107	1020	1100	170	204	1400	444	3.07e-09	683	1.49e-09	240	7.73e-09	61.1	203	153
144	132	38	44.8	330	380	217	92.6	177	3.43e-08	8.13	5.2	51.8	41.9	1.95e-06	691	202	165	0	0	545	299	275	78.3	86.9	37.9	22.4	2700	105	74	1630	153	551	689	275	177	7.3e-09	64.6	182	150
217	178	224	202	246	334	29.2	67.2	153	49.8	105	24.9	40.7	83.8	187	255	109	303	0.0128	0.0697	670	9.66	222	130	80.3	45.1	841	2030	199	2.53e-09	837	707	160	612	233	208	7.26e-09	65	210	4.37e-09
147	142	172	205	392	236	130	93.4	162	7.11e-10	0	0	68.4	5.42	416	0.0383	69.3	110	0	0	700	108	233	104	49.5	110	553	2520	205	109	1050	403	206	643	120	207	7.34e-09	64.3	220	4.16e-09
12.5	190	358	1.15e-05	327	381	5.49e-09	55	138	1.1e-06	9e-09	8.14	55.4	50.8	227	20.5	200	242	0	0	591	0.00614	235	250	44.9	106	1340	264	144	3.5e-09	544	680	150	892	11.1	244	7.24e-09	65.2	197	86.5
495	158	150	136	373	459	89.2	112	149	41.5	1.09e-08	6.73	42.9	70.3	105	421	400	195	0	0	696	163	240	73.8	54.5	103	404	2990	140	3.61e-09	2120	101	909	811	417	126	47.4	57.2	193	452
515	175	110	86.9	396	314	18.2	84.8	141	17.2	4.55e-09	16.1	60.2	30	269	463	55.7	185	2.47e-09	214	557	48.1	307	14	64.9	114	917	1910	119	98.4	752	506	329	697	96.8	220	7.21e-09	65.4	192	462
129	134	158	160	280	241	7.07	104	151	15.2	57.4	18.3	67.6	1.22e-09	56	441	2.45e-09	258	0	0	609	38.5	257	195	28.2	111	592	2570	266	1.9e-09	1250	176	859	437	323	199	7.12e-09	66.3	215	27
420	167	235	66.6	487	400	46.7	99.5	108	87.3	2.42e-09	30.3	54.6	51.6	231	430	206	274	0.000204	0.00194	584	189	257	49	51.5	85.6	715	2550	234	50.8	1630	730	748	757	189	206	7.57e-09	62.4	209	126
561	153	95.4	116	539	368	5.37e-09	56.3	150	0.278	0.0195	0.179	52.5	33	179	284	2.41e-09	263	0	0	456	258	248	44.1	83.9	109	548	1990	126	269	908	435	849	685	3.07e-06	228	8.03e-09	58.8	217	0.0657
579	145	133	235	19.2	127	24.4	111	25.3	189	1.18e-08	6.2	31	114	299	354	309	304	0	0	282	503	254	721	105	57.4	1330	1.4e-09	143	649	783	1080	1390	175	273	117	491	65.1	218	30.9
451	104	221	2.08e-09	105	237	11.8	166	24.3	186	0	0	42.4	81	360	436	752	246	0	0	2.26e-09	315	176	523	75.4	18.2	1000	1520	249	116	807	1980	1890	417	324	152	611	55.7	167	561
234	123	376	1.22e-09	2.87e-08	28.8	0	0	129	1.03e-07	0	0	47.9	53.2	113	238	180	351	0	0	2.23e-09	319	277	435	104	70.9	322	1260	165	598	26.8	854	2170	229	655	122	672	49.8	106	8.64e-09
438	131	356	223	2.29e-09	361	3.38e-09	89.4	156	6.73	0	0	43.5	61.9	368	256	776	171	0	0	67.3	417	237	637	119	4.26e-09	575	1850	218	449	0.128	1040	2360	616	348	170	383	71.4	189	460
25.9	201	66.2	122	88.2	109	48.7	105	129	35.2	29.3	3.61	32.9	96.6	404	14.7	420	339	0	0	75.8	448	216	697	95.7	22.5	1260	251	260	316	241	1010	1590	470	125	156	339	69.5	211	269
303	171	127	177	2.46	206	169	166	110	49.4	0	0	62.5	36	248	382	413	291	0	0	2.59e-09	275	243	496	105	4.11	1610	189	253	169	992	1520	445	626	275	136	421	65.6	176	420
4.55e-09	143	57.4	37.7	4.45e-09	186	3.08e-09	98.2	164	9.79e-09	0	0	53.6	67.9	119	4.9e-06	9.76e-06	386	0	0	1.93e-09	369	219	114	84	3.14	458	546	255	1.98e-09	26.1	1020	6.71e-09	312	297	128	120	85.7	214	4.29e-09
229	180	173	104	2.43e-09	341	56.1	155	164	0.000602	1.11e-08	6.59	50.4	48.9	216	467	307	306	0	0	77.4	465	202	659	77.4	1.28	1200	1.55e-09	183	399	176	1920	1560	409	218	173	159	82.4	202	13.5
3.99e-09	163	4.48	6.39	18.3	21.1	3.38e-09	89.4	143	18.7	0	0	64.2	1.28e-09	1.55e-08	35.8	3.17e-09	200	4.11	6.09	2.02e-09	351	303	2e-09	99.4	3.79	339	5.46e-09	1.52e-07	3.31	80.3	1110	50.7	303	1.86e-09	192	89.1	81.2	215	4.27e-09
354	138	188	90.3	3.22e-09	257	3.69e-09	81.8	76.2	143	0.605	3.11	65.7	1.25e-09	356	133	774	226	0	0	151	311	243	440	56.8	32.4	464	1720	184	606	2.26e-09	1290	1850	91	495	97.7	496	64.7	173	808
414	169	8.45	198	64.1	232	57.6	132	177	0.791	0	0	37.1	111	260	195	365	278	0	0	1.53e-09	464	243	341	91.7	1.23e-09	1020	1120	199	428	606	1710	1430	347	213	145	241	72.7	231	190
307	164	99.7	75.6	166	160	2.94e-09	103	41.5	172	3.42	8.05	53.8	44.7	349	90	315	372	0	0	18.5	444	265	398	131	75.3	1700	1.09e-09	176	530	292	1390	1940	477	166	146	702	55.4	217	152
93.5	197	184	239	283	80.8	2.01e-09	150	173	6.65e-10	3.13e-09	23.4	42.3	60.3	281	188	64.7	397	0	0	101	429	263	463	79.4	30.3	1310	558	260	105	429	1820	2280	442	284	116	229	80.1	199	4.6e-09
412	140	166	41.3	38.5	215	0.994	101	89.4	83.5	2.04e-08	3.58	28.6	129	176	716	346	273	0	0	44.6	555	278	307	152	15.1	1020	420	212	441	385	1380	1770	603	270	164	326	73.8	149	685
664	144	201	153	3.88e-09	213	2.88e-09	105	35.3	131	9.05e-09	8.09	54.3	49.5	163	605	561	287	19	8.33	1.72e-09	414	274	324	92.9	20.4	1230	647	294	43	933	1270	1070	598	422	137	386	74.6	214	4.28e-09
206	139	134	167	4.3e-09	192	25.2	183	102	91.4	0	0	65.5	0.323	153	84.9	419	337	0	0	3.16	586	235	581	98.4	0.000765	1140	257	188	589	618	1120	2030	428	296	136	312	71.8	159	371
415	111	196	215	129	282	1.45	50.6	102	108	0	0	40.8	72.1	303	1.84e-09	497	290	0	0	64.6	612	254	786	105	86	649	1880	109	872	184	1380	2640	526	448	125	673	51.1	163	5.64e-09
329	99.2	187	52.1	204	177	5.03	168	115	5.08	0	0	57.5	31.5	229	393	294	257	0	0	0.0288	336	322	260	108	11.8	1440	593	184	422	429	1240	591	338	133	213	479	66.4	250	1.18e-06
290	161	219	134	316	114	34.8	41.6	73.7	107	0	0	67.4	1.22e-09	157	253	391	314	0	0	184	612	263	414	103	50.1	1260	193	201	533	194	1470	2080	617	299	102	616	52.8	148	605
41.8	145	193	162	83.2	323	95	107	140	0.0159	4.48	27.1	7.59	211	94.5	5.89e-09	255	366	0	0	203	470	272	643	148	59	1410	1.31e-09	232	230	613	1250	2090	414	218	111	533	60.2	177	151
3.35e-09	194	244	93.3	8.13	513	125	8.65	106	87	0	0	25.1	121	470	0.00832	430	241	0	0	206	318	288	39.8	105	1.07e-09	744	1220	267	278	1.81e-09	1610	1420	695	418	76.5	207	68.8	147	697
84.3	153	146	30.9	84	355	2.48	60.6	144	7.96e-10	0.00389	6.33	39.8	89.3	315	166	1.75e-09	362	0	0	35.1	520	259	592	78.9	19.3	1220	1.52e-09	198	368	225	1420	307	791	252	121	375	73.7	256	59.5
275	171	139	112	71.6	135	1.24e-06	114	176	1.51e-05	1.78e-08	4.11	58.4	31.2	434	60.8	418	319	0	0	36.8	450	264	449	80.2	9.26	691	1710	255	119	167	915	1400	411	311	138	275	78.5	206	271
267	157	198	147	54.6	211	98.9	183	79.1	94.3	6.34e-09	11.5	45.9	78.6	248	387	245	323	0	0	1.24e-09	571	245	344	73.8	19.7	710	2420	166	500	536	1310	1130	692	280	107	190	81.3	167	902
244	203	107	168	256	105	34.7	135	6.32e-07	239	0	0	37.3	101	132	341	69.6	300	0	0	0.000898	460	256	436	76.7	2.23	1330	162	266	129	173	1140	954	662	133	187	355	74	216	58.3
666	87.6	191	162	116	17.1	2.67e-09	113	178	4.07e-08	0	0	24.3	143	86	490	394	274	0	0	5.63e-06	360	218	493	53.1	45.9	980	1550	192	208	129	983	1310	598	576	95.7	463	65.1	192	136
255	118	59.5	174	22.1	132	4.07e-09	74.2	130	73.4	1.13e-08	6.48	46.8	71.9	461	56.7	298	363	0	0	1.92e-09	369	272	237	84.1	4.16e-07	1000	1170	288	110	44.8	1140	718	706	220	151	409	70.3	182	518
378	167	151	164	215	319	7.78e-09	38.8	150	5.44	21.9	3.27	37.6	106	355	366	443	313	0	0	224	611	244	399	103	9.98e-08	1390	826	181	549	503	1430	1950	400	264	146	421	69	163	175
27.8	133	85.3	81.2	20.2	121	123	103	142	14.3	9.36	14.5	37.5	82.8	393	101	418	335	0	0	7.26	216	147	544	47.6	42.1	1300	1.42e-09	278	32.4	58.2	1300	892	503	198	135	213	77.5	207	187
162	200	199	97.6	287	2.88e-09	137	56.2	169	0.000453	4.26e-09	17.2	51.4	72.2	248	440	370	306	0	0	46.4	456	213	311	66.6	5.39	1120	1210	232	272	360	1590	452	504	296	151	118	83.8	235	244
23.7	177	137	149	4.62e-09	179	157	128	55.1	31.8	0	0	64.6	1.25e-06	493	45.7	269	301	0	0	1.69e-08	483	303	442	48.8	0.82	1340	888	272	34.3	1020	1050	1350	216	336	97.1	405	69.7	220	349
326	188	74.4	211	193	239	95	79.9	5.81e-10	198	0	0	50.4	53.8	228	731	379	280	0	0	256	395	159	625	59.5	2.44	1060	995	186	620	20.3	2020	900	675	276	123	488	64.5	137	1310
623	153	200	263	5.22e-09	159	0	0	66.5	140	0	0	44.7	66	17.8	647	239	365	0	0	176	599	226	712	92.8	57.8	944	785	225	471	140	1510	1920	667	375	137	388	67.8	218	391
333	183	51.1	41.8	102	134	23.1	147	167	2.12e-06	0	0	38.3	90.2	178	479	442	245	0	0	46.2	360	165	361	83.4	7.35	1160	643	258	216	402	1170	1380	497	387	109	539	63	144	826
144	201	47.9	11.9	143	5.79e-09	69.1	67.2	122	2.71	2.58e-08	2.84	38	119	254	263	305	314	0	0	2.56e-09	278	199	442	121	9.29e-10	1570	365	276	157	2.33e-09	1250	1410	603	157	168	304	69.8	219	229
82.3	160	73.3	145	96.5	276	60.3	5.01e-09	186	6.18e-10	0	0	39.8	108	468	220	673	237	0	0	130	261	260	404	116	9.73e-10	824	619	207	213	1.89e-09	1540	627	717	294	182	159	81.9	219	350
192	179	122	90.2	54.4	221	102	142	134	17.5	4.94	2.22	29.8	120	414	184	768	180	0	0	59.1	391	262	340	69.3	50.1	1330	1.39e-09	250	42.8	457	1460	1710	497	144	181	194	81.4	121	1210
5.19e-09	126	1.8e-09	255	154	13.5	3.54e-09	85.4	50.9	143	86	13.4	63.3	0.0255	118	4.7e-09	1.89e-09	335	0	0	1.71e-09	416	202	487	36	30.9	788	426	254	319	0.000321	1050	535	337	2.48e-07	189	97.1	83	193	4.74e-09
126	192	85.5	204	71.4	172	3.15e-09	95.9	117	1.34e-06	53.9	13.1	50.2	66.3	403	430	534	333	0	0	57.9	342	239	526	69.6	13.2	1340	804	190	301	4.42e-05	1380	634	370	173	191	124	80.7	231	123
166	229	358	30	229	443	10.2	163	115	72.4	4.66e-09	15.7	15	177	208	221	297	314	0.000939	0.000952	149	452	227	744	117	0.627	1460	1.27e-09	253	342	676	1780	1220	591	171	189	305	75.2	188	4.89e-09
98.7	190	48.8	147	51.1	192	36.4	184	135	1.29	6.12	7.74	30.2	138	254	257	243	367	0	0	37.5	576	239	605	104	48.2	1410	138	197	31.9	98.3	1470	1390	585	116	167	475	64.2	198	9.83
325	172	221	211	144	264	79.9	79.6	133	15.1	6.29e-09	11.6	36.5	106	411	245	351	286	0	0	1.69e-09	421	226	535	93.6	1.2e-09	1680	1.42e-08	199	388	46.7	1830	2360	211	80	134	310	76.4	162	828
332	162	194	7.44	214	183	1.04e-08	29	150	45.4	0	0	44.7	89.5	229	227	526	284	0	0	132	478	309	200	151	0.00733	1220	165	251	331	52.7	1140	1970	574	112	202	232	76.8	144	101
373	136	166	77.9	151	257	57.2	116	106	108	0	0	63.2	15.9	132	602	915	166	0	0	3.22e-08	344	271	359	95.4	3.45	1290	956	235	110	233	1620	1950	486	306	132	642	62.6	109	1460
311	195	67.1	153	308	115	1.93e-08	15.7	133	24.5	109	6.28	44.2	61.2	344	11.9	56.6	382	0	0	18.6	582	218	260	91.2	14.3	925	227	288	91.1	108	1130	1050	126	312	122	218	81.7	224	278
479	168	104	44.4	63.6	111	2.96e-09	102	118	92.1	1.25e-08	5.86	45.7	62.3	211	271	503	243	0	0	116	501	154	560	74.7	0.513	727	1790	203	179	420	1630	2260	430	445	60.5	289	70.4	156	1220
358	115	136	0.000183	2.6e-09	318	8.02	133	86.3	103	0	0	27.5	121	352	401	373	240	0	0	191	444	272	192	86.2	37.7	1160	1360	151	696	589	943	1890	543	201	175	148	80.4	115	884
290	138	164	42.4	89.7	129	69	58.5	128	51	6.72e-09	10.9	23.6	154	335	154	539	181	0	0	83	412	281	206	74	5.5	973	1240	245	373	288	1220	1020	814	525	111	591	57.4	231	200
557	146	315	0.0192	231	249	90.7	168	25.9	180	0	0	23	138	148	212	586	203	0	0	1.46e-09	488	297	485	132	12.6	1270	6.51e-06	152	509	723	1340	2280	277	266	159	505	71.5	177	416
264	156	261	141	5.17e-09	160	4.16e-09	72.7	173	0.00166	6.33e-09	11.6	37	99.8	305	296	495	257	0	0	148	304	252	319	62.9	2.82	1480	203	224	444	288	1310	1910	347	225	210	389	65	228	112
83.4	133	87.2	103	72.3	46.3	2.69e-09	112	126	24.2	0	0	63.6	0.0956	210	504	468	271	0	0	178	394	222	527	70.5	46.7	1190	725	206	541	1.97e-09	1480	1820	195	240	151	278	72.1	184	435
194	136	124	101	35.9	63.5	152	1.99e-09	105	1.99e-06	0	0	40.9	78.3	497	19.2	306	356	0	0	46.6	446	190	506	111	3.54	1720	159	287	110	184	1070	308	653	90.1	133	138	86.4	236	367
49.9	182	120	136	3.53e-09	235	2.05e-09	147	156	0.0141	23.6	2.12	32.7	128	390	285	440	319	0	0	271	501	240	681	139	43.5	1210	647	274	16.9	224	1140	1510	229	275	151	456	67.1	44.5	2.06e-08
156	154	440	51.5	49.5	287	44.5	117	77.2	145	0	0	26.7	130	233	500	274	253	0	0	109	588	271	466	84	8.14	1350	489	101	793	1350	1490	1870	626	164	102	607	62.8	183	817
244	137	219	18.4	1.09e-08	76	3.73e-09	81	183	6.29e-10	0.134	2.46	51.9	57.7	366	294	612	181	0	0	2.11	396	243	423	97.1	19.1	601	1460	265	260	989	861	1690	394	326	106	252	82.1	202	250
546	127	184	209	189	329	2.59e-09	117	89.9	93.4	0	0	56.5	16	213	332	230	393	0	0	100	611	231	403	138	4.35e-07	1330	66.3	188	471	1660	917	1910	595	430	143	277	68.1	228	89
545	113	165	59.1	244	282	65.1	129	106	47.2	0	0	36.3	111	425	22.9	660	269	0	0	40.7	515	315	652	116	25.3	1370	419	178	333	265	1280	2040	454	285	174	479	60.1	169	498
56.5	175	115	33.6	75	81.3	9.33e-09	32.4	130	8.86e-10	0	0	56	17.1	348	96.3	361	290	0	0	1.52e-09	468	242	248	87.8	1.57e-08	1530	1.21e-09	274	163	5.25e-07	1250	1210	164	90.4	165	342	77.6	184	268
459	137	1.66e-09	276	70.4	212	172	90.1	118	39.1	3.86	14.7	58.4	33.2	336	385	251	352	0	0	15.5	311	210	611	83.6	12.1	1430	183	215	2.35e-09	2.48e-09	1180	1080	211	333	136	225	79.2	206	84.3
64.4	187	180	19.9	62.7	12.7	2.15e-09	141	82.2	96.7	1.28e-08	5.7	44.5	85.8	364	307	354	291	0	0	122	574	204	439	99.3	17.3	1210	1070	302	65.9	1.68e-09	1730	1410	244	268	122	383	67	229	186
683	104	362	0.000224	92.6	322	32	106	97.2	102	0	0	35.6	99.8	208	464	647	237	0	0	11.4	535	203	295	61.7	0.0017	1190	694	157	347	171	1370	2080	639	388	95.5	481	60.4	175	825
517	140	277	9.24	153	121	151	131	131	67.8	0	0	49.4	76.5	236	402	583	283	0	0	53.3	467	266	336	103	1.09e-09	1300	421	250	240	5.12	1480	1630	527	237	149	479	68.6	208	525
252	168	89.9	230	91.1	13.6	32.5	112	156	3.63	0	0	53.3	68.6	175	672	426	295	0	0	49.5	417	258	104	79.6	42.7	1050	857	241	0.907	589	858	1830	265	270	137	445	64.4	235	3.9e-09
114	151	32.4	121	110	138	0	0	94.2	26	4.71	2.05	17.3	181	395	1.41e-09	591	254	0.000112	0.00434	52.2	424	179	453	135	8.36e-10	855	1180	257	228	3.57e-09	815	1730	274	87.1	173	234	75.5	115	125
86.2	150	83.3	56.2	109	110	21.8	73.1	1.73e-09	138	1.03	9.97	33.1	91.5	263	165	64.7	374	0	0	20.9	386	224	375	109	5.33	1190	346	236	452	629	1020	2120	635	163	129	584	58.2	178	820
248	191	57.5	189	139	58.8	2.96e-09	102	131	22.9	0.833	27.2	53	53.3	243	396	245	318	0	0	2.92e-09	244	217	522	87	1.2	1210	1420	139	209	187	761	360	482	67.7	169	212	78.9	218	4.21e-09
350	130	115	102	33.3	202	104	67.3	120	35	0	0	36.8	91.8	213	542	793	191	0	0	77.5	533	300	205	74.4	22.4	1150	921	91.1	739	86.9	2030	1780	624	367	134	644	59.2	179	0.000497
328	188	3.4e-09	135	7.08	19.1	9.61	98.8	57.2	149	0	0	38	102	221	196	384	348	0	0	82.3	436	291	213	105	26.3	1130	802	241	325	285	1210	1940	642	220	137	474	64.1	127	7.22e-09
123	170	2.04e-09	225	177	14.9	72.8	117	116	81.4	53.8	17.5	56.5	41.8	400	189	391	312	0	0	7.57	402	288	371	13.5	95.8	1360	1.36e-09	274	1.84e-09	172	1040	518	416	340	95.5	148	86.7	233	28.1
54.6	214	3.71	128	53.7	179	141	27.2	128	12.5	7.42e-09	9.86	29	136	265	148	335	230	0	0	112	644	309	356	115	3.8	1500	34.7	192	313	43.9	1100	1760	528	292	138	168	75.1	201	761
299	150	70.6	155	54.3	43.8	21.1	80.6	76.3	15.7	1.31e-08	5.57	32.6	137	447	81	64.7	334	0	0	39.1	560	209	555	102	3.44e-08	1270	970	217	213	8.7	1520	2140	166	221	135	375	72.1	178	21.5
567	179	104	259	9.89	114	15.5	146	125	50.8	5.73e-09	12.8	47.6	69.3	200	562	219	394	0	0	2.06e-09	345	261	498	59.9	4.57	1140	380	264	325	726	1010	1410	691	288	143	334	72.1	252	177
726	99	290	9.44	2.73e-09	304	1.11e-08	27.3	114	4.49	0	0	24.8	123	116	713	183	351	0	0	1.84e-09	385	383	91.8	86.1	1.09e-08	1370	593	186	486	0.0111	1280	2460	179	401	90.5	338	67	62.9	2390
249	129	17.6	233	56	193	2.14e-09	141	35.3	149	0.507	27.3	42.9	91	142	513	603	278	0	0	225	474	244	420	86.8	0.906	812	1790	212	351	2.03e-06	1360	1800	261	197	181	170	75.4	222	447
286	189	101	160	211	140	37.2	91.2	147	7.8e-10	0	0	31.6	114	356	137	227	385	0	0	96.6	293	291	432	60.2	35.9	1120	982	196	467	814	1110	966	739	338	139	298	70.9	163	1190
291	173	246	5.31	6.19	34	40.8	122	155	6.18	7.69e-09	9.52	37.4	101	291	2.37e-07	124	320	0	0	19	461	294	242	96.2	2.88	1300	1.42e-09	187	293	451	1550	2380	539	74.4	173	548	66.9	186	948
162	147	12.7	104	182	174	22	35	157	1.59e-08	0	0	41.4	66.4	235	198	1020	109	0	0	87.9	481	236	548	127	33.6	1140	734	205	549	157	1530	1450	250	289	126	353	69.4	155	265
222	184	130	160	187	86.7	91.2	193	78.6	62.3	34.2	20	30.4	137	266	328	178	367	0	0	2.32e-09	306	204	468	89	1.26e-09	1250	481	200	2.52e-09	184	1490	1780	513	208	166	285	77.1	189	289
515	168	104	42.8	59.2	285	43.3	110	132	63.8	0	0	31.5	118	455	4.95e-08	346	332	0	0	90.3	333	269	266	110	15.3	959	801	180	438	429	1490	1370	479	202	185	221	72.4	132	609
414	177	207	64.6	363	106	198	42.4	155	6.63	0	0	38.6	99.2	378	240	272	379	0	0	96.7	432	170	573	70.6	3.22	1290	635	265	214	62.5	1330	716	424	252	130	240	80.1	236	152
194	119	284	8.78	5.94e-09	139	2.79e-09	108	121	13.9	0	0	54.7	23.3	227	516	806	226	0	0	57.6	474	241	382	71.1	43.9	937	386	146	538	4.64e-05	1140	1700	204	521	99.6	352	70.9	145	926
174	181	93.6	131	327	19	42.7	65.5	145	7.9e-10	4.59e-09	15.9	36.8	103	168	478	312	161	0	0	62.9	409	200	428	103	3.67e-08	1110	452	213	274	413	1530	1120	388	69.4	151	429	64	195	443
91.6	148	160	103	0.22	194	2.12	181	84	80.9	0	0	38.4	88.7	58.5	466	171	328	0	0	165	356	229	450	90.4	16.1	1470	150	274	253	346	1600	1860	580	101	155	402	66.2	236	3.88e-09
298	176	310	1.7	0.13	68.4	0.000447	130	155	1.35e-07	0	0	29.9	121	460	338	688	274	0	0	26.4	319	134	501	73.2	9.35	1790	0.0613	158	326	1.84e-09	1580	422	422	249	169	559	61	65.1	7.03e-06
574	167	200	177	215	162	175	97.7	113	53.7	0	0	43.7	60	387	160	689	208	0	0	72.6	439	254	340	60.3	43.3	1020	1400	145	571	0.000466	1530	1800	533	422	117	547	52.1	209	554
224	132	169	33.7	57.6	58.8	106	109	101	97.3	0	0	53.8	44.7	386	236	615	280	0	0	267	610	297	310	84.5	17.4	941	1060	212	414	256	1070	1390	501	192	169	361	63	147	1010
135	197	73.3	169	148	89.4	3.3	97.6	118	75.6	0	0	52.5	58.2	217	2.56e-09	346	301	0	0	1.94e-09	367	238	322	64.6	7.41	1110	849	168	287	152	1230	234	606	363	124	150	76.7	214	515
305	158	156	67.5	64.5	283	48	173	148	2.13	30.4	19.1	59.5	37.1	199	565	346	322	0	0	7.24	458	192	223	74.1	5.65	1280	392	171	571	2.73e-09	1070	831	442	250	136	485	66.7	255	111
263	141	150	9.87	58.7	73.7	52.6	198	172	4.91e-08	1e-08	7.31	40.6	62.9	546	77.3	448	260	0	0	99.4	328	180	536	112	13.9	1550	0.0124	204	326	0.00241	1860	1270	607	307	117	299	73.7	173	725
412	132	153	93	51.9	323	62.6	180	163	8.43e-09	0	0	54	34.7	339	339	200	377	0	0	182	494	303	426	124	22.7	1370	133	217	522	67.3	1240	2260	420	99.4	121	620	60.8	217	71.9
105	158	488	154	11.7	31.3	23.3	87.5	24.5	210	0	0	45.4	67.1	198	400	1010	112	0	0	17.7	555	270	414	72.8	3.02	963	894	108	384	68.1	1140	142	850	400	154	168	74.9	230	177
144	186	89.6	33.2	98.3	318	88.7	80.4	136	8.45e-10	2.9	14.9	51.8	46.9	377	212	541	254	0	0	1.57e-09	451	218	527	84.1	33	1510	1.23e-09	245	180	376	1390	955	380	27.7	193	497	66.5	226	121
322	146	137	116	24.5	159	7.63e-09	39.6	122	3.21	2.32	16.5	43.6	59.4	443	24.8	151	359	0	0	17.8	401	245	551	86.9	0.184	1620	0.00133	269	41.9	251	1670	923	475	71.7	157	379	67.1	215	56
