36.5	80.5	71	52.4	84.5	112	8.61	26.8	54.9	59	266	130	67.4	146	29.4	30.5	49.8	2.1e-09	30.7	29.5	32.7	58.6	1.27e-09	42.7	33.4	6.01	6.15	5.73	6.92e-09	7.41e-09	65.8	18.7	17.2	16.9	3.39	213	61.9	185	1.32e-09	55.1	1.64e-09	182	1.82e-09	22.4	4.53e-09	5.76e-07	3.06e-08	5.34e-07	75.8	4.28e-07	50.7	81.9	98.3	473	2.62e-09	1.81e-09	1.86e-09	19.9	140	3.95	19.3	16.9	97	16.7	1.7	712	491	7.89e-09	164	638	89.6	8.29	120	12.4	3.15e-09	5.64e-09	147	368	1.84e-09	427	71.1	743	125	2.77e-09	120	197	1.54e-09	88.9	173	11.7	7.37e-09	4.32e-09	57.7	1.17e-08	4.5	2.69e-09	22.3	3.83e-09	10.8	165
3.74e-09	86.9	47.4	37.3	3.68e-09	58.3	149	45	53.5	19.4	184	141	68.9	100	68.3	46.1	9.42	6.73	3.37e-09	41.6	71.5	41	1.17e-09	58.9	1.08e-09	15.5	1.29e-09	18.1	17.8	2.49e-09	0.293	44.4	13	44.1	0.155	1.72e-09	2.7e-09	200	31.1	42.7	127	119	1.67e-09	23	48	0	0	0	0	0	112	26.5	1.52e-09	470	3.16e-09	1.31e-09	1.34e-09	2.31e-09	190	48.1	9.97	65.4	29.2	16.4	1.6e-09	367	850	1.31e-09	295	651	180	32.4	64	10.1	52.1	689	2.6e-09	442	1.38e-09	289	32.8	709	210	2.41e-09	287	176	33.6	126	144	20.5	9.33e-09	5.03e-09	53.2	1.52e-08	1.93e-09	2.47e-09	99.4	3.6e-09	6.43e-07	163
43.8	194	10.2	8.71	172	40.9	36.6	3.79e-09	2.7e-09	73	268	56.2	236	250	73.5	1.59e-09	64.8	17.2	19.4	0.000248	4.26e-07	67	1.51e-09	54.3	0.1	0.475	0.424	3.42	3.16e-08	2.57e-08	37.1	23.7	8.81	31.7	40.2	145	137	200	87.7	1.17e-09	89.3	164	8.81	40.5	23.8	0	0	0	0	0	158	129	140	333	60.4	75.5	9.02e-10	95.5	171	169	14	48.3	76	39.5	33.2	1250	392	693	1270	130	116	2.84e-09	46.8	2.64e-09	3.79e-09	150	386	266	114	1190	1.18e-06	837	215	123	752	195	132	98.2	159	12.6	1.01e-08	5.42e-09	49.4	1.64e-08	2.08e-09	2.62e-09	43.7	3.79e-09	27.2	155
3.42e-09	54.8	79.9	1.12	55.3	2.97e-09	1.91e-09	16.3	119	56.1	189	85.7	181	83.5	114	1.97	34	17	27.8	30.8	61.4	12.2	24.8	64.6	1.28e-09	0	0	0	0	0	3.36	49.2	17.5	5.93	2.19e-09	193	136	45.3	324	1.03e-09	36.9	103	2.02e-09	27.8	115	0	0	0	0	0	7.51	200	70.6	365	2.94e-09	47.5	2.53e-05	64.7	177	11.9	14.8	45.4	47.4	1.74e-07	1.96	1420	385	413	1190	1.22e-06	166	25.1	1.49e-09	2.38e-09	3.03e-09	174	462	288	1.53e-09	607	54.9	665	3.95e-09	4.12e-09	3.77e-09	109	91.3	22.9	122	81.8	9.44e-09	5.09e-09	52.6	1.54e-08	1.96e-09	2.37e-09	141	3.51e-09	1.35e-05	159
19.4	30.3	81.3	113	68.6	34.3	3.13e-07	77.6	55.5	24.2	3.34e-09	6.86	80.8	114	104	31.8	6.84	44.6	34.7	41.6	39.1	70	63.9	0.0136	2.14	1.05e-08	0.241	7.12	1.93e-08	0.183	7.03e-10	54.6	1.89	6.44	2.52e-09	5.87	48.9	176	33.8	73.4	1.11	31.5	1.09e-08	0.141	2.77e-08	0	0	0	0	0	38.4	97.1	134	452	70.2	80.1	57.2	1.9e-09	144	60.6	18.9	40.8	68.7	16.3	5.72	1360	677	306	984	59.7	152	16.3	54.6	81.9	42.5	615	590	130	1.25e-09	1250	121	575	499	2.06e-09	124	155	19.3	50.6	86.1	24.2	0.000158	4.43e-09	58.6	1.28e-08	1.91	2.3e-09	187	3.47e-09	1.4e-09	151
1.74e-09	44.6	80.7	0.732	241	79.1	91.8	3.44e-09	2.51e-09	32.3	267	35	120	184	114	33.3	58.8	2.89e-09	4.44e-09	1.05e-09	72.9	36.7	34.2	26.3	42.2	1.07e-08	7.3e-09	5.85e-09	6.99e-09	17.6	38.8	23	5.83	37.8	1.39e-09	9.62	114	111	17.9	52.5	203	158	1.24e-09	1.47e-09	77.7	0	0	0	0	0	323	6.34e-10	261	245	221	63.9	33.8	200	143	29	12	43.8	68.1	8.22	1.63e-09	990	510	378	677	292	110	56.9	220	111	168	408	2.96e-09	269	1.64e-09	886	206	461	1.55e-09	405	529	152	129	116	17.2	44.4	9.1e-09	4.91e-09	54.6	1.48e-08	1.89e-09	2.5e-09	59.1	3.67e-09	48.6	149
44	1.23e-09	112	2.76e-09	4.01e-09	4.76e-09	3.65e-09	6.78e-09	4.65e-06	64.1	5.09e-09	2.53e-09	3.52e-09	95.6	105	3.15e-09	41.3	6.61e-09	8.46e-09	2.15e-09	46.7	42.7	1.13	42.2	11	0	0	0	0	0	1.98e-06	57.8	13.6	9.72e-10	3.46e-08	6.42	8.57e-09	69.3	7.79e-09	4.51	1.33e-09	234	1.5e-09	1.8e-09	3.87e-09	0	0	0	0	0	49.7	263	2.44e-09	33.4	5.33e-09	80.4	1.2e-09	2.78e-09	171	3.31e-09	22.8	39.6	72.5	1.56e-09	1.62e-09	9.71	2.88e-09	4.61e-09	2.83e-09	528	201	0.389	1.3e-09	2.13e-09	2.72e-09	9.4e-09	4.6e-09	333	2.54e-09	162	331	7.76e-05	4.18e-09	6.67e-09	5.33e-09	137	3.05e-09	2.62e-09	1.76e-09	89.3	9.91e-09	1.76	58.9	1.27e-08	1.73e-09	2.49e-09	5.63e-09	3.49e-09	1.57e-09	191
6.66e-09	1.61e-09	92.1	4.43e-09	6.75e-09	1.18e-08	9.03e-09	1.68e-08	1.15e-08	25.9	8.99e-09	11.9	7.24e-09	2.83e-09	80.8	2.74e-08	1.11	5.64e-08	8.47e-08	3.2	44.6	57.2	1.58e-09	20.1	1.53	0	0	0	0	0	5.99e-10	44.9	2.49e-09	53.5	1.54e-09	8.08e-09	0.429	52.6	1.17e-08	1.02e-08	1.73e-09	180	1.95e-09	2.34e-09	5.04e-09	0	0	0	0	0	67.8	158	3.68e-09	1.86e-09	7.73e-09	1.58e-09	1.64e-09	3.6e-09	168	4.45e-09	17.9	6.31	90.2	1.9e-09	2.09e-09	86.9	3.07e-09	4.7e-09	10.1	446	179	2.42e-09	1.46e-09	2.39e-09	3.04e-09	1.05e-08	5.41e-09	271	3e-09	185	360	1.31e-07	3.85e-09	6.13e-09	4.9e-09	167	2.99e-09	2.5e-09	1.71e-09	74.3	1.09e-08	5.86e-09	45.7	1.77e-08	2.25e-09	2.65e-09	6e-09	3.71e-09	1.67e-09	180
91.4	9.26e-10	118	104	2.21e-09	4.33e-09	3.32e-09	6.16e-09	4.24e-09	70.5	17	100	81.6	20.9	4.69	64.9	62.9	14.9	2.43e-09	7.49e-10	22.5	39.3	1.3e-09	86.7	1.2e-09	0	0	0	0	0	1.42	62.1	5.97e-09	9.59e-10	2.49e-09	2.58e-08	2.36	4.59	11.9	4.21	7.92e-09	37.4	4.56	1.05e-08	2.19e-08	0	0	0	0	0	302	124	1.9e-09	8.51e-10	9.47	1.23e-09	1.26e-09	43.6	199	22.3	34	73.1	5.83e-10	1.7e-09	1.67e-09	73.2	51.2	2.21e-09	152	930	210	1.88e-09	8.84	0.00153	2.53e-09	7.27e-09	3.29e-09	494	1.8e-09	119	304	151	3.73e-09	5.34e-09	4.43e-09	153	59.7	57.6	1.23e-09	84.7	9.07e-09	4.89e-09	54.8	1.48e-08	1.88e-09	2.83e-09	6.4e-09	3.96e-09	1.79e-09	168
1.29e-09	90.8	52.5	194	116	90.3	59.7	3.93e-09	2.92e-09	32.4	186	85.1	47.6	116	1.04e-09	62.8	61	30.9	18.8	23.3	7.87e-10	43.3	1.65e-09	37.9	63.8	0.395	2.91	6.45	1.56e-08	1.15e-08	22.6	26.8	7.6	31.4	11.4	171	123	156	1.2e-09	151	1.43e-09	159	4.97e-06	25.2	145	0.001	0.000921	0.000794	0.000731	0.000821	49.2	79	92.6	443	2.77e-09	176	30.6	2.42e-09	128	2.76e-09	17.5	52	36	1.45e-09	25.5	364	768	583	8.8e-10	747	134	25.8	64.9	67.7	105	4.94e-09	3.37e-09	304	53.1	692	5.01e-10	773	468	108	2.16e-09	132	15.4	133	194	35.1	9.32e-09	5.03e-09	53.3	1.52e-08	1.93e-09	2.01e-09	125	3.08e-09	130	136
176	9.71e-10	100	13.3	57.1	12.4	59.4	35	8.2	52	279	80.4	164	187	50.7	29.3	3.62e-09	7.44e-09	9.43e-09	4.61	47.2	83.8	2.02	22.8	1.11e-09	3.29e-08	2.23e-08	1.79e-08	2.14e-08	5.76	14.8	49.8	4.99	9.95e-10	2.24e-09	209	68.4	90.8	1.89e-09	1.77e-09	2.21e-09	122	2.38e-09	52.3	5.52e-09	0	0	0	0	0	148	14.7	269	291	2.16e-09	1.57e-09	1.63e-09	3.58e-09	168	4.42e-09	26.8	71.8	6.27e-10	1.9e-09	1.84e-09	1960	8.07e-10	671	643	4.31e-10	135	88	25.3	2.05e-09	2.73e-09	8.42e-09	3.97e-09	396	2.19e-09	146	330	96.4	218	2.98e-09	227	136	1.96e-09	70.5	87.3	59.9	8.94e-09	4e-07	55.5	1.46e-08	1.85e-09	2.75e-09	45.1	4.04e-09	58.4	131
82.6	1.1e-09	106	20	32.2	67.1	65.6	43.7	142	24.4	288	113	34.5	19.5	26.5	12.5	2.25e-09	1.64	2.47	29.9	5.86e-10	73.8	1.28e-09	66.7	8.34	22.5	11.7	8.59	5.68	96.7	6.31e-10	53.5	3.4e-09	7.06	25.4	25.7	82.2	131	78	2.11e-09	144	184	1.33e-09	18.1	2.66e-09	1e-05	5.35e-07	9.32e-06	4.34	7.48e-06	82.6	7.64e-10	127	486	2.56e-09	34.1	61.5	2.43	142	3.42e-09	23.1	46.8	65.3	1.55e-09	1.59e-09	1680	631	203	338	157	156	2.29e-09	30.2	2.26e-09	8.73	278	588	48.1	1.86e-09	902	62.1	675	172	3.12e-09	3.01e-09	181	15.9	107	13.8	54.3	5.35e-09	3.83e-09	51.3	8.08e-09	19.2	2.77e-09	6.27e-09	3.88e-09	1.75e-09	172
35.5	127	43.7	139	10.1	13.5	43.1	2.31	119	37.6	119	72.8	158	167	64.4	23.3	74.9	2.55e-09	16.5	0.128	66.2	44	54.8	41.6	1.03e-09	0	0	0	0	0	47.4	18.5	29.1	34	20.3	208	2.49e-09	18	36.6	69	150	98.3	39.6	55.8	0.0212	0	0	0	0	0	85.8	24.1	204	372	111	9.89e-10	9.74e-10	170	198	111	14.3	49.9	48.7	17.7	2.31	785	833	737	919	274	166	65.6	51.9	1.69e-09	2.33e-09	1150	1.99e-09	5.45e-10	183	2020	57.3	659	28.6	118	130	157	16.1	36.9	57.4	70.4	9.19e-09	4.96e-09	54	1.5e-08	1.9e-09	25.4	54.9	3.1e-09	35.1	176
31.8	94.4	57.8	53.9	189	6.71	112	67.9	47.1	58.3	279	117	166	218	86.9	18.4	39.4	44.2	48.7	44.8	32.9	29.4	1.21e-09	98.8	1.14e-09	1.93e-08	3.99	9.36e-09	4.88e-08	3.22e-08	49	26.8	11.8	13.6	0.146	210	319	85.4	174	6.49	5.78e-05	123	92.3	152	150	0	0	0	0	0	295	69.2	168	130	262	1.04e-09	72.4	21.8	185	59.1	8.94e-10	44.9	23.2	4.19	2.42	1300	512	356	1340	47.6	137	27.9	178	123	1.67e-09	1000	309	110	211	1430	97.6	546	709	303	298	185	51.2	128	214	2.7e-08	1.13e-08	6.09e-09	44	1.84e-08	2.34e-09	2.06e-09	219	3.12e-09	1.25e-09	166
38.8	12.5	63.6	2.74e-09	97.4	73.8	118	60.7	45.6	21.4	73.1	18.1	94.6	263	60.5	1.57e-09	72.8	3.28e-09	4.3e-09	9.07	41.4	84.6	1.26e-09	15.9	17.1	0	0	0	0	0	32.9	37.7	2.1	9.59	21.7	111	43.1	168	155	1.35e-09	17.9	145	2.15e-09	2.56e-09	29	0	0	0	0	0	55.2	0.1	127	472	65.3	1.17e-09	1.17e-09	70.7	188	83.8	23.3	12.1	68.2	1.98e-09	2.16e-09	778	607	1.29e-09	776	296	138	2.93e-09	1.89e-09	3.11e-09	3.96e-09	369	711	201	64.7	1480	36.2	757	282	89.6	123	196	170	9.2e-10	195	24.7	8.88e-09	4.79e-09	55.9	1.45e-08	1.84e-09	0.000113	2.68	3.82e-09	0.000815	174
104	57	57	8.2	132	2.49e-09	40.6	163	25.6	46.4	194	37.8	307	265	64	28.5	46	121	99.1	5.84e-05	24.5	27.3	42.5	82.2	1.18e-09	9.98e-09	5.3e-09	5.19	1.14e-08	6.44	6.73e-10	49.5	3.55e-09	8.74	23	260	83.5	157	40.3	55.7	477	5.85e-10	1.21e-09	1.44e-09	164	1.79e-05	208	1.4e-05	1.12e-08	1.37e-05	230	120	38.4	336	105	74.6	84.5	152	151	8.79	6.95	47.3	16.8	18.6	40.9	1890	259	1.08e-09	807	4.41e-10	55.2	73.8	42.7	269	323	64.6	853	0.94	45.7	1550	2.03	671	3.8e-09	3.86e-09	136	116	104	69.8	136	67.8	9.79e-09	5.28e-09	50.7	1.6e-08	2.03e-09	2.24e-09	3.52e-09	3.3e-09	129	149
213	198	2.92	19.8	290	156	24.4	2.27e-09	79.5	13.2	255	104	247	124	50.6	4.21	75.2	2.59e-09	28.4	11.4	0.000231	38.1	72.8	72.3	64.6	2.69e-08	2.54	0.337	6.51e-08	4.35e-08	38.8	37.3	6.02	17.2	0.00147	211	107	111	92.9	54.4	55.3	152	151	1.57e-09	2.65e-09	0	0	0	0	0	192	43	107	246	2.79e-09	108	9.13e-10	94.1	194	0.575	5.07e-10	11	103	43	4.11	1030	1200	1100	54.9	343	184	8.24	25.2	155	59.6	710	2.39e-09	454	4.09e-05	443	92.9	597	249	257	630	186	97.2	15.9	89.3	30	1.01e-08	5.43e-09	49.3	1.64e-08	2.09e-09	1.49e-09	335	2.4e-09	201	122
1.11e-09	61.2	59.6	90.1	344	2.62e-09	0.0846	103	58.5	64.5	189	74.8	184	258	27.2	5.03	20.9	1.95e-09	54.6	77.1	33.9	108	1.31e-09	0.00628	1.15e-09	26.7	6.86	5.58	2.5e-09	4.03e-09	47.5	31.7	2.09e-09	20.4	25.3	16.5	120	128	149	72.4	1.29e-09	174	1.44e-09	6.93	192	0	0	0	0	0	164	127	21.8	275	3.04e-09	90.8	0.000124	48.4	166	11	9.26	49.9	64.9	1.82e-09	1.8e-09	1610	1.02e-09	1.31e-09	637	168	33	60.4	60.4	3.38e-09	5.27e-09	4.82e-09	3.74e-09	225	2.15e-09	920	25.3	668	3.44e-09	142	3.46e-09	136	52.9	77.4	64.2	85.6	9.18e-09	2.03e-06	54.1	1.5e-08	1.08e-05	2.45e-09	4.65e-09	3.5e-09	51.5	169
87.5	145	26.9	61.8	211	3.3e-09	82.6	3.91e-09	2.69e-09	57.5	119	74.6	317	7.94e-10	155	37.1	1.08e-09	34.3	59.2	31.1	9.97e-10	8.86	2.05e-09	60.9	47.6	0	0	0	0	0	24.2	33	9.17	45.3	0.723	30	2.37e-09	131	147	56.8	247	26.1	88.7	251	190	0	0	0	0	0	179	137	186	154	262	1.37e-09	66.8	3.15e-09	147	3.72e-09	36.3	27.8	24.1	2e-09	2.14e-09	1540	658	0.0299	1330	3.86e-10	80.9	4.83	263	101	39.2	273	2.86e-09	154	1.64e-09	1530	90.2	608	628	152	237	141	127	48.2	33.9	58.6	0.000174	4.88e-09	53.8	1.43e-08	1.11	1.62e-09	252	2.55e-09	144	148
19.6	1.01e-09	95.7	61.3	128	3.68	96.3	31.5	58.3	41	296	109	228	170	46.5	44.6	24	39.5	3.13e-09	16.6	82.6	17.9	1.21e-09	69.5	1.13e-09	12	3.89	11.7	0.463	1.58	7.13	44.4	3e-09	34.7	1.5	37.7	204	153	124	148	1.3e-09	140	49.9	78.4	145	0	0	0	0	0	172	57	102	268	297	13.2	0.0013	136	198	71	7.19	44.4	76.6	1.79e-09	1.8e-09	1710	506	492	983	3.85e-10	39.6	267	291	68.2	50	1410	489	57.7	249	2000	4.67e-07	721	4.32e-09	4.23e-09	3.93e-09	146	11	87.1	140	49.1	9.99e-09	5.39e-09	49.7	1.63e-08	2.07e-09	1.88e-09	90.4	2.84e-09	141	157
141	138	63.1	17.7	104	2.92e-09	2.15e-09	94.3	1.95e-09	75.8	2.04e-09	1.16e-09	134	243	146	5.85	25.8	2.84e-09	4.15e-09	55.2	10.6	19.6	32.4	67.6	1.86	0	0	0	0	0	6.33e-10	61.6	4.37e-09	8.94e-10	14.7	29.2	4.05e-09	32.6	75.2	92.3	362	112	1.1e-09	27	44.1	4.69e-06	2.5e-07	4.35e-06	9.3	3.49e-06	492	8.89e-10	12.8	43.4	57.1	29.8	13.3	96.9	202	49.1	12.4	21.9	96.1	3.89	1.75e-09	592	1.49e-09	2.12e-09	254	522	164	9.39	37.8	0.0958	101	111	2.7e-09	3.8	198	1950	129	599	220	78	447	142	19.9	46.2	62.3	72.2	8.94e-09	0.434	54.9	1.44e-08	1.87e-09	21.1	83.2	3.49e-09	1.52e-09	162
109	34	90.4	57.8	54.5	50.5	90.9	8.53	12.7	34.9	180	56.5	203	197	53	2.71e-09	26.8	5.61e-09	7.86e-09	18.8	35.9	77.8	60.7	26.6	1.02e-09	0	0	0	0	0	2.26e-07	46.3	3.91e-09	11.8	15.6	51.6	67.9	136	42.5	5.32	81.4	143	107	90.6	3.5e-09	0	0	0	0	0	498	4.27e-09	66.2	5.94e-10	55.1	1.3e-09	1.33e-09	72.8	183	5.48	5.98	40.1	69.4	32.7	15	774	624	552	64.5	499	142	69.9	84.5	1.62e-09	2.34e-09	371	3.1e-09	362	52.1	328	76.4	608	2.6e-09	2.91e-09	394	133	38.1	13.8	168	39.9	8.68e-09	4.68e-09	57.2	1.42e-08	1.8e-09	14.3	45.6	3.45e-09	1.53e-09	176
3.31e-09	141	35.3	2.86e-09	37.2	3.92	132	9.55	37.4	58.1	123	59.1	66.3	1.13e-09	146	1.96	4.53e-09	19.8	1.43e-08	11.8	67.1	32.8	17.4	32.9	1.21e-08	3.93	10.9	2.92e-09	9.6e-09	9.47e-09	58.6	16.4	22.9	43.3	1.06e-09	35.5	50.9	239	99.4	0.116	1.39e-09	188	47.4	1.8e-09	47.7	0	0	0	0	0	167	75.3	1.39e-08	263	51.3	2.29e-09	2.36e-09	18.8	110	1.41	8.74e-10	7.12e-10	82.5	3.05e-09	3.31e-09	868	702	353	655	395	100	32.5	61	4e-06	8.57	99.8	276	274	138	986	182	478	15.7	2.99e-09	318	202	49.7	7.8	9.63	42.4	2.54e-06	4.44e-09	58.8	1.29e-08	1.59	2.6e-09	5.9e-09	3.65e-09	1.64e-09	183
4.14e-09	76.6	86	3.02e-09	3.67e-09	57.1	1.81e-09	54.8	96.5	42.7	218	117	187	173	87.9	29.3	60.3	116	34.7	4.65e-05	14.6	111	9.99	5e-10	26	0	0	0	0	0	11.5	54.6	5.43e-09	9.77e-10	4.25e-05	110	1.7e-09	214	129	10.5	325	129	59.8	48.6	34.5	0	0	0	0	0	339	144	34.1	201	41.3	115	175	24	120	0.000132	18.4	82.1	10.2	30.4	26.3	957	1180	369	233	310	158	2.56e-09	1.65e-09	2.71e-09	3.45e-09	116	166	453	250	286	214	243	98.8	3.65e-09	201	166	24.8	97.9	13.5	74.8	8.72e-09	4.7e-09	56.9	1.42e-08	1.81e-09	0.00013	28.4	3.34e-09	82.5	160
96.4	149	32.3	25.9	129	56.1	66.8	4.66e-09	3.39e-09	25.5	293	46.1	211	250	54.4	5.62e-09	5.03	1.13e-08	43.7	5.75e-09	10.1	81.2	24.7	6.12e-10	34.6	0	0	0	0	0	49.7	25.5	8.98	7.95e-10	39.5	283	2.13e-09	45.5	35.4	1.74e-09	36.3	34.1	62.4	12.3	6.69e-09	2.5e-05	1.34e-06	2.31e-05	1.74	1.86e-05	183	43	87.2	296	151	11.7	0.00388	33.6	185	62.8	35.2	65.6	4.51	39.1	33.3	1630	268	378	576	103	110	7.67e-07	143	1.89	30.3	2.44e-09	278	53.5	319	1660	337	139	95.3	2.95e-09	363	62.1	37.5	94.5	58.8	120	8.61e-09	1.68	54.9	1.36e-08	1.95e-08	1.85e-09	192	2.83e-09	81.1	161
57.4	1.25e-09	105	8.73	3.71e-09	6.09e-09	13	8.18e-09	5.64e-09	44.7	185	97.5	276	128	74.7	28	43.8	30.3	70.4	23.6	83	27.9	1.28e-09	46.5	4.48	0	0	0	0	0	6.43e-10	53.9	10.8	17.8	1.96e-09	1.7e-09	75.5	115	44.2	96.9	1.54e-09	102	121	104	29.7	0	0	0	0	0	141	105	151	229	0.56	2.52e-07	72.5	0.0328	190	137	12.8	34.8	87.1	12.4	8.76	411	578	1.42e-09	748	483	122	37.1	82.4	1.91e-09	2.83e-09	4.25e-09	3.91e-09	127	2.3e-09	1230	207	392	370	41.4	460	185	54.6	31.7	73.9	26.6	9.59e-09	1.14e-08	51.8	1.56e-08	1.99e-09	0.0233	75.6	3.26e-09	1.41e-09	188
6.62e-09	1.6e-09	92.6	4.4e-09	6.71e-09	72.3	35.5	139	49.4	20.2	272	70.6	355	255	43.6	22.6	14.2	2.7e-09	3.87e-09	54.1	39.3	8.77	1.66	63.6	2.2	5.25e-09	6.57	8.27	1.1e-08	7.63e-09	14.6	48.1	19.1	22	10.8	435	0.01	0.0117	16.8	8.46	58	115	141	180	2.05e-09	0	0	0	0	0	83.6	69	8.05	440	222	1.57e-09	1.6e-09	40.9	150	33.4	16.3	45.6	83.6	6.56	12.7	1100	535	402	8.69e-10	513	64.1	6.44	3.93e-09	6.33e-09	8.05e-09	591	2.95e-09	53.6	1.66e-09	1580	92.8	677	315	1.91e-09	458	201	42.7	1.94e-09	56.2	5.55e-10	8.95e-09	4.83e-09	55.5	1.46e-08	1.85e-09	2.5e-09	5.66e-09	3.5e-09	1.58e-09	190
193	138	44.8	1.07e-09	194	120	2.67e-09	4.3e-09	3.32e-09	48.8	1.8e-09	56.7	217	153	112	6.31	29.2	3.49e-09	4.96e-09	36.3	22.1	61.5	1.51e-09	20.4	41.9	0.15	0.0544	2.47	5.21e-08	3.97e-08	1.63	58.9	6.25e-09	5.83e-06	2.61e-09	199	221	77.7	16	1.43e-09	163	176	1.29e-09	1.54e-09	50.8	0.000213	0.000103	0.000352	0.02	0.00113	154	55.6	1.59e-09	261	127	99.2	8.63e-10	184	191	2.45e-08	4.58	23.3	96.1	59.1	22.1	1010	642	400	263	401	68.7	1.21e-09	310	170	1.57e-09	781	418	0.294	1.71e-09	986	108	521	1.91e-09	2.24e-09	810	154	35.2	51.5	85.2	37.4	9.72e-09	5.24e-09	51.1	1.59e-08	2.01e-09	1.85e-09	181	2.87e-09	145	133
29.6	116	61.4	1.68	83.3	5.76e-09	4.26e-09	13.7	8.23	45.9	2.35e-09	47.5	216	80.3	64.5	23.9	42.3	58.8	3e-09	15.6	61.3	31.2	1.14	57.1	3.45	5.14e-09	11.5	3.58	1.19e-08	8.07e-09	0.0866	44.6	1.27	48.7	1.61e-09	0.00583	134	117	55.4	2.34e-09	94	122	1.55e-09	32.7	123	0	0	0	0	0	351	9.99	1.36e-09	222	77.6	1.24e-09	1.29e-09	0.743	213	3.48e-09	20.9	61.9	55.2	18.8	1.26e-09	989	833	215	7.62e-05	555	172	103	9.86e-10	25.8	139	3.78e-09	572	169	1.7e-09	913	168	458	3.21e-09	3.83e-09	126	185	116	1.55e-09	35.9	47.6	0.000581	4.47e-09	57.9	1.28e-08	2.04	2.03e-09	3.38e-09	2.96e-09	116	178
241	7.93e-10	79.2	144	102	110	39.9	92.1	27.4	44.1	107	9.19e-10	315	240	82.7	37.6	1.62e-09	3.62e-09	8.91	27	2.23	34	1.44e-09	95.2	1.34e-09	0	0	0	0	0	0.0217	59.6	6.42e-09	1.01e-09	2.66e-09	333	1.61e-09	42.9	1.34e-09	119	38.8	142	149	91.5	2.99e-06	0	0	0	0	0	68.8	115	307	274	295	1.3e-09	1.29e-09	129	161	42.5	15.8	56.3	51.7	1.61e-09	6.02	320	492	205	647	607	111	1.19e-09	131	289	1.58e-09	2.25e-09	205	1.12e-09	682	1420	55.1	556	713	35.2	258	169	118	108	72.4	35.2	1.04e-08	5.6e-09	47.8	1.69e-08	2.15e-09	2.64e-09	5.98e-09	3.7e-09	1.67e-09	180
7.39	69	40.7	61.1	67.4	20.2	112	3.34e-09	2.33e-09	48.8	211	55.7	7.08	3.04e-09	14	49	26.5	34	3.23e-09	8.36	80.7	4.73e-06	5.2e-07	86.1	1.09e-08	0	0	0	0	0	16.6	30.2	5.4	53.6	8.71	1.93e-09	3.18e-09	90	165	33.4	1.31e-09	185	1.36e-09	150	2.97e-09	0	0	0	0	0	74.3	103	32.5	425	327	186	157	86.1	54.2	136	12	40.8	79.2	1.44e-09	14.8	1740	1.04e-09	1.27e-09	478	187	131	51.4	1.68e-09	2.53e-09	21.5	941	3.37e-09	228	1.75e-09	320	287	114	4.11e-09	5.99e-09	4.94e-09	184	192	113	24.4	34.7	9.53e-09	5.14e-09	52.1	1.55e-08	1.97e-09	1.77e-09	481	2.87e-09	0.000143	126
3.14e-09	186	13.8	2.76e-09	32.3	6.72	1.58	14	70.7	54.3	183	87.9	230	98	109	34.2	23.9	2.21e-09	63.1	30.4	19.9	85.9	15.1	28.4	1.18e-09	7.32	20	11.3	3.53e-09	1.66	14.7	45.7	2.21e-09	3.55	57	148	23.8	145	63.2	102	1.65e-09	182	1.83e-09	19.8	4.58e-09	0	0	0	0	0	237	83.5	158	268	184	104	48.9	62.7	144	2.04e-09	4.24	53.6	60.4	1.96e-09	1.91e-09	382	933	69.1	70.2	746	124	146	111	52.7	71.1	331	218	328	280	506	97	604	3.39e-09	76	3.46e-09	220	48.9	24.5	143	18.6	8.88e-09	4.79e-09	55.9	1.45e-08	1.84e-09	1.77e-09	261	2.7e-09	23.7	180
55.2	32.2	105	3.92	103	88.5	52	3.42	8.54	31	255	140	193	174	6.11e-10	40.8	34.1	22.4	3.79e-09	1.2e-09	26.3	89.8	20.9	9.53	1.32	12.3	16.8	11.6	2.86	4.62	2.01e-07	43.6	28.4	36.6	15.9	2.23e-09	26.9	126	4.56	71	1.81e-09	135	1.95e-09	61.8	44	0	0	0	0	0	81.9	31.2	94.6	467	2.8e-09	72.2	1.2e-09	14.4	170	4.4	22.4	80.1	16.8	37.5	15.2	780	691	213	660	415	173	1.4e-09	78.5	134	1.87e-09	262	154	239	17.1	803	16.7	787	515	159	251	165	203	51	177	13.1	2.62e-08	1.66	54.1	1.38e-08	1.88e-09	2.41e-09	4.95e-09	3.41e-09	27.2	184
53.1	46.8	62.5	73.5	63.7	18.5	4.57e-09	8.15e-09	5.8e-09	45.3	26.5	69.2	156	93.5	118	9.1	5.65	28.9	3.3e-09	78.7	22.3	69.1	45.6	11	1.36e-09	1.43e-08	4.32	0.931	3.14e-08	0.395	2.32e-07	52.4	23.8	17.2	1.79e-09	125	35.4	153	0.123	126	93.5	138	136	5.51	56.4	0	0	0	0	0	138	67	135	372	43.6	8.47	160	2.38e-09	131	7.84	26.2	26.9	63.2	10.6	1.31	986	587	536	8.84e-10	479	195	1.95e-09	16.8	5.87	2.62e-09	162	3.12e-09	235	32.9	1030	103	545	3.22e-09	3.64e-09	178	167	38	3.21	39.8	75.7	8.66e-09	4.91e-09	52.3	1.39e-08	2.32	1.72e-09	172	2.71e-09	223	117
116	8.45e-10	99.8	11.5	193	61.1	115	21.5	2.35e-09	14	197	23.8	121	249	91	32.1	27.3	44.8	1.46	1.28e-09	17.8	43.5	17.7	49	1.47e-09	0	0	0	0	0	40.1	37	14.2	7.83e-10	24.8	110	91.4	50.7	171	1.69e-09	46.7	30.4	88.7	212	42.1	0	0	0	0	0	147	110	136	367	217	1.1e-09	32.4	169	163	52.1	32.5	5.17e-10	67.3	22.6	28.3	956	0.00201	101	1640	159	66.6	181	79.9	184	93.9	890	2.23e-09	231	1.22e-09	1370	2.89e-08	693	4.5e-09	4.41e-09	4.1e-09	106	34.3	90.5	106	74.1	9.51e-09	5.13e-09	52.2	1.55e-08	1.97e-09	2.36e-09	5.35e-09	3.31e-09	1.49e-09	201
5.33e-09	42.8	80.3	3.79e-09	4.89e-09	78.1	114	174	134	37.3	404	192	103	1.31e-09	9.39e-10	24.1	35	101	16	53.9	69	3.84e-10	80.1	26.9	132	13.7	15	13.2	82.7	1.01e-09	0.951	46.7	2.42e-05	35.9	1.83e-09	131	243	7.31e-10	130	263	1.36e-09	92.3	48.2	313	7.55	0	0	0	0	0	282	6.98e-10	1.06e-09	348	299	64.6	1.05e-09	1.79e-09	192	74.3	32.1	4.29	49.2	2.16e-09	2.44e-09	2350	125	0.000211	8.9e-10	74.9	143	121	50.8	146	1.7e-09	1430	92.3	513	1.04e-09	1.67e-09	95.6	647	238	60.3	14.6	181	152	132	136	31.9	0.331	1.26e-08	56.3	1.23e-08	3.65	3.24e-09	7.34e-09	4.54e-09	2.05e-09	147
16.2	26	82.5	40.2	18.3	13.8	55.8	14.6	24	34.6	110	27.2	162	185	123	1.71e-09	38.2	3.54e-09	5.02e-09	33.4	50.4	42.8	15.3	70	1.07e-09	6.22e-09	1.76	0.265	4.6e-09	25.5	27.7	40.5	3.24e-09	16.2	3.56	223	29.2	132	171	2.04	53.1	88.1	135	118	25.7	0	0	0	0	0	328	21.1	63.8	224	199	94.4	9.26e-10	82.9	175	96.3	15.7	30.7	74.1	1.81e-09	1.88e-09	888	790	684	1190	155	135	1.09	137	52.5	28.4	4.59e-09	3.43e-09	268	1.96e-09	920	146	514	3.43e-09	3.97e-09	61.6	154	139	83.1	6.65	71.1	8.96e-09	1.01e-08	55.4	1.46e-08	1.86e-09	3.43e-09	7.76e-09	4.8e-09	2.93e-06	139
93.4	42.1	89.4	78.9	42.6	74.7	52.7	3.7e-09	2.7e-09	50.7	36.6	55.7	125	198	33.9	2.09	39.6	28.6	12.3	6.62	6.07e-10	22.5	25.3	115	2.69e-07	19.5	16.4	14.6	9.33	5.94	0.00394	55.5	23.6	15.9	1.76e-09	14.5	217	202	32.5	1.51e-09	228	130	1.08e-09	79.8	130	0	0	0	0	0	255	0.256	7.93	377	61.1	144	1.01e-09	104	132	14.2	19.8	38.9	66.3	43.3	10.6	1620	1130	524	280	87.3	117	91.8	201	62	29.2	820	2.38e-09	254	1.3e-09	1150	6.61	819	2.62e-09	171	125	157	16	27	62.9	64.3	8.99e-09	4.85e-09	55.2	1.47e-08	1.86e-09	2.19e-09	4.08e-08	3.16e-09	75.2	180
4.18e-09	48.6	92.1	12.4	4.04e-09	78.8	71.1	6.64	46.9	46.5	224	93.7	151	210	54.1	25.3	1.22e-09	2.97e-09	4.33e-09	55.9	57.1	27	19.1	62.3	0.909	14.8	10.8	2.01	0.00722	5.5e-09	19.3	32.9	2.38e-09	40.8	10.4	90.8	170	234	8.14	1.32e-09	115	137	78.7	38.3	2.57e-09	0	0	0	0	0	4.73	56.2	28.8	520	3.28e-09	19.7	87.3	21.4	147	6.51	18.2	12.4	70.1	38.2	3.95	1270	702	185	316	351	186	62.8	119	1.05e-09	160	688	2.07e-09	288	384	702	294	261	13.7	2.76e-09	494	183	1.66e-09	77	119	49.4	9.41e-09	5.08e-09	52.8	1.54e-08	1.95e-09	2.51e-09	19.4	3.54e-09	1.58e-09	184
2.63e-09	41.1	73.8	103	3.24e-09	3.64e-09	5.44	3.49e-09	46.9	65.1	364	98.7	324	320	32.8	6.29e-10	72.6	120	103	26.6	60.5	28.7	1.26e-09	69.4	0.996	1.36e-08	3.49	2.21	1.1e-06	2.06e-08	51.4	23.1	2.66e-09	23.7	1.1	56.6	188	117	7.78	12.3	122	51	153	89.8	2.38e-09	0	0	0	0	0	468	6.86e-10	134	93	312	1.17e-09	1.15e-09	9.23e-09	179	200	13.8	56.5	42.3	12.9	3.25	693	1050	725	639	361	170	128	7.84e-10	82.9	233	53	447	245	433	842	5.31e-10	863	3.03e-09	3.07e-09	156	179	111	53	70.7	35.6	1.24e-08	6.68e-09	40.1	2.02e-08	2.57e-09	1.76e-09	72.8	2.69e-09	213	145
5.33e-09	47.8	76.3	3.81e-09	4.84e-09	128	52.7	3.38e-09	2.56e-09	38.6	278	115	98.8	1.47e-09	35.3	42.4	22.8	60.9	127	30.6	63	16.7	26	65.4	65.8	15.2	11.5	0.291	4.05e-09	5.8e-09	53.9	19.6	67.8	15.2	19.3	1.62e-09	2.72e-09	1.49e-09	286	113	6.16e-09	3e-09	5.06e-09	140	8e-09	0	0	0	0	0	244	120	1.29e-09	95	297	9.8e-10	171	1.51e-09	124	110	16.6	51.2	78	14.4	0.421	1990	120	82.9	9.31e-10	213	205	1.57e-09	2.99	1.65e-09	123	776	451	209	1.48e-09	401	5.78e-10	759	195	2.98e-09	21.2	204	112	43.1	17	37.1	2.36e-07	0.000215	52.4	1.55e-08	0.0027	17.2	74.2	3.06e-09	5.36	191
8.32	64.1	69.1	85.5	161	2.6e-09	98.9	92.2	38.5	33.9	59.5	1.08e-09	228	215	104	31.1	66.8	27.8	7.99	14.3	46.9	94.5	1.33e-09	1.4	0.39	1.56e-08	1.06e-08	8.47e-09	1.01e-08	12.2	6.73e-10	50.7	20.4	10.8	6.44	135	9.92	231	37.5	116	1.9e-09	129	24.8	2.48e-09	69.3	0	0	0	0	0	191	51.3	158	249	273	1.12e-09	33.5	113	183	9.42	4.98e-10	12.7	103	47	1.28e-09	1270	523	1160	1500	3.5e-10	93	102	172	201	1.5e-09	1320	1.81e-09	136	324	1370	4e-10	813	512	149	661	112	68.9	95	126	71.9	6.34	1.44e-09	26	144	20.6	1.62e-09	193	2.55e-09	218	131
37.4	1.03e-09	93.9	141	37.4	1.77e-09	117	162	130	27.3	263	53	209	128	109	57.8	65.9	1.91e-09	11.6	8.43	54.7	53.2	1.04	53.3	1.11e-09	0	0	0	0	0	49.6	17.9	1.99e-09	37.3	17.1	32.6	24.4	323	1.59e-09	24.3	1.28e-09	33.9	330	155	30.6	0	0	0	0	0	445	6.66e-10	207	119	219	1.29e-09	7.55	92.3	162	59.2	8.47	4.08	92.4	47.5	1.33e-09	642	742	490	1230	260	147	85.4	171	44	106	2.67e-09	328	22.5	395	1750	273	249	267	224	2.53e-09	182	104	1.85e-09	1.43e-09	50.5	9.28e-09	5.01e-09	53.5	1.51e-08	1.92e-09	2.49e-09	5.65e-09	3.49e-09	1.57e-09	191
2.28e-09	85	48.9	2.32e-09	156	45.8	55	2.49e-09	70.3	35.1	277	117	214	199	73.8	56.5	64.4	0.00415	6.29	40.9	47.4	30.1	16	5.57e-10	139	2.11e-08	3.65	1.02e-08	5.33e-08	3.52e-08	26.9	35.8	13.6	1.06e-09	2.05e-09	298	125	148	1.19e-09	24.6	2.46e-09	126	2.78e-09	3.33e-09	7.17e-09	0	0	0	0	0	177	158	61.8	210	169	107	0.00101	15.1	149	23.7	19.7	5.87e-10	68	48.9	1.38e-09	1300	798	0.0284	521	242	197	26.2	63.7	54.1	1.95e-09	7.43e-09	3.88e-09	375	2.15e-09	271	63.7	652	1.67e-09	408	514	174	208	8.9e-10	204	20.5	1e-08	5.42e-09	49.4	1.64e-08	2.08e-09	2.31e-09	33	3.36e-09	61.1	166
111	26.5	65.3	181	77.8	83.2	132	72.7	46.7	33.6	49.8	1.04e-09	314	179	111	13.9	16.6	6.07	5.93e-09	24.9	56.2	43.4	0.000265	65	1.11e-09	0	0	0	0	0	29.1	34.9	9.83	14.8	23	8.73	209	47.4	44.6	131	1.37e-09	161	113	49.4	3.01e-09	0	0	0	0	0	156	7.48e-10	109	339	387	34.6	186	60.7	89.9	82.4	13.7	37.2	83.4	62.3	41	662	113	895	1730	223	76.1	117	161	53.3	2.04e-09	220	374	499	1.37e-09	81.9	97.2	579	680	2.52e-06	589	172	149	127	216	3.98e-10	1.26e-08	6.8e-09	39.4	2.06e-08	2.61e-09	2.61e-09	52.2	3.73e-09	1.63e-09	167
2.12e-09	82.1	64	129	2.53e-09	27.6	84.9	0.283	50.7	35.5	262	132	174	105	66.1	22.1	36.8	9.54	21.5	1.42e-09	20.2	51.1	0.419	21.1	1.83e-09	7.97	2.09	6.35e-09	9.24e-09	0.00478	28.1	43.5	0.105	9.63e-10	3.5	264	1.66e-09	121	67.9	16.3	2.15	119	2.92e-09	3.5e-09	7.46e-09	0	0	0	0	0	290	53.6	26.8	45.7	3.68e-09	61.2	35.2	45	86.3	3.15e-09	13.5	44.8	59	41.1	39.3	0.000672	120	440	415	876	139	2.51e-09	34.5	4.24	3.37e-09	921	3.51e-09	160	1.84e-09	519	279	205	3.36e-09	72.7	3.99e-09	175	66.9	9.01	122	58.7	1.03e-08	5.58e-09	48	1.69e-08	2.14e-09	2.43e-09	5.5e-09	3.4e-09	1.53e-09	196
145	52.7	100	0.411	45.7	82.2	63	2.15e-09	72	40.1	255	109	111	133	77.3	49	34.6	33.5	51.6	29.9	25.5	41.8	61.1	72.7	1.06e-09	0.172	0.247	10.5	1.32e-08	9.57e-09	51.3	22.8	2.03e-09	35.7	12.5	38.9	1.75e-09	184	90.6	162	1.13e-09	189	96.3	59.4	68.8	0	0	0	0	0	412	9.04e-10	211	6.43e-10	44.9	1.45e-09	26.3	47.6	152	2.88e-09	16.5	17.6	77.4	1.43e-09	26.3	1290	298	946	401	344	159	39.4	118	51.8	1.95e-09	3.06e-09	529	270	131	967	239	348	200	2.59e-09	293	214	80.2	80.1	118	1.33	7.1e-06	4.8e-09	54.1	1.39e-08	1.69	5.6	5.03	3.77e-09	22.4	164
11.9	117	45.7	173	60.1	65.2	114	21.2	6.76	14.9	8.02	15.4	187	229	70.4	56.8	57.4	28.8	47.1	23.7	84.3	42.3	3.34e-08	47.1	16.6	0	0	0	0	0	3.41	45.7	24.8	27.4	18.3	70.4	43.7	121	130	97.1	200	8.76	252	87.8	31.9	0	0	0	0	0	15.5	82.9	57.6	399	316	14.8	122	78	108	78.6	22.7	31.5	87.2	1.42e-09	5.95	504	167	578	1280	499	183	1.99e-09	1.33e-09	2.11e-09	47.3	329	2.87e-09	285	1.6e-09	956	149	552	79.1	167	77.4	204	10.9	70.1	1.35e-09	39.5	0.644	0.251	57.8	1.24e-08	2.26	2.32e-09	3.73e-09	3.4e-09	115	149
61.4	61.7	63.8	108	47.1	8.39	4.91e-09	8.94e-09	6.25e-09	45	178	101	235	79.9	88.6	63.4	1.2e-08	25.2	49	1.56	6.37e-10	74.9	29.7	35.9	18.3	7.27e-09	10.6	3.52e-09	1.83e-08	1.21e-08	31.8	41.8	31.4	8.05	1.43e-09	114	35.8	198	10.4	51.9	60.8	122	1.87e-09	72.8	3.76e-09	0	0	0	0	0	1.42e-07	118	1.48e-09	510	3.27e-09	1.52e-09	1.58e-09	3.47e-09	174	4.28e-09	24.7	72.1	9.43	44.4	13.6	780	850	363	871	316	122	4.49	46.6	52.6	144	42.2	171	352	26.4	697	83	668	2.24e-09	416	2.51e-09	190	146	121	69.2	37.2	8.85e-09	4.77e-09	56.1	1.44e-08	1.83e-09	2.39e-09	5.42e-09	3.35e-09	1.51e-09	199
138	69.8	61.3	69.9	42.7	75.5	63	20.3	30.9	7.44	274	69	187	223	50.3	51.6	1.31	51.9	9.37	41.1	47.6	18.5	1.3e-09	84.4	6.92	10.1	10.3	0.196	5	5.69e-09	17.8	47.5	26.6	8.84e-10	2.48	118	178	82.3	27	36.6	101	74.6	84.4	133	49.8	0	0	0	0	0	250	113	157	271	157	71.7	81.4	106	147	43.7	10.7	45.2	54.1	58.7	11.1	1050	518	530	845	184	152	103	90.1	1.38e-09	24.9	808	179	192	43.1	1030	31.1	715	11	39.8	123	141	154	31	70.1	61.6	6.97e-09	4.29e-09	55.3	1.09e-08	7.37	1.83e-09	107	2.82e-09	192	134
63.7	132	28.7	38.6	58.9	2.64e-05	44.5	4.89e-09	3.37e-09	59.9	231	97.4	74.8	96.1	102	31.6	46	2.39e-09	57.4	8.07	53.5	17.7	7.35	76	38.7	2.36e-08	1.12e-08	3.33	4.35e-08	0.000383	62	17.8	8.65	27.1	37.7	1.28e-09	44.3	265	64.4	1.6e-09	311	53.4	188	1.14e-09	142	0	0	0	0	0	23.7	87.9	58.9	448	207	1.83e-09	1.87e-09	52	130	3.88	22.9	42.8	27.6	4.86	24.1	602	457	505	988	386	105	3.42e-09	22.8	3.35e-09	4.58e-09	839	237	251	123	495	177	427	71.6	194	750	182	45.2	38.3	64.7	62.5	9.8e-09	5.29e-09	50.7	1.6e-08	2.03e-09	2e-09	79.8	2.93e-09	53.7	188
3.13e-09	112	60.7	2.65e-09	46.3	89.3	194	2.13e-09	27.8	5.61	164	171	2.85e-09	2.24e-09	11.1	1.55	36.3	7.65e-06	145	1.23e-09	7.72	66.9	68.3	15	108	1.24e-08	5.92e-09	6.32	2.29e-08	1.63e-08	47.2	14.9	1.75e-09	60.8	8.79	1.63e-09	2.65e-09	71.4	172	117	1.2e-09	259	1.36e-09	1.63e-09	3.5e-09	7.38e-07	7.77	6.84e-07	59.1	5.49e-07	332	107	1.24e-09	210	68.4	10.4	123	3.69e-09	76.3	4.12e-09	20.6	19.1	88.6	1.56e-09	6.36	1360	1.28e-09	1.53e-09	70.5	410	160	1.83e-08	3.59	1.9e-09	144	596	3.4e-09	342	1.79e-09	143	274	190	3.72e-09	24.7	4.37e-09	218	107	44.4	1.21e-09	32.3	1.88	0.543	54.4	1.38e-08	1.86e-09	2.56e-09	5.81e-09	3.59e-09	1.62e-09	186
1.39e-09	123	44.9	5.99	300	3.65	68.9	3.38e-09	49.7	22.9	246	57.2	150	1.6e-09	33.9	2.58	13.8	1.65e-08	2.1e-08	5.65e-09	35.3	89	1.49e-09	5.79e-10	3.08	1.12e-08	7.62e-09	6.11e-09	7.3e-09	16.9	13.7	38.8	37.4	30.7	1.37e-09	144	2.33e-09	160	2.07e-09	5.64e-08	2.78e-09	112	3.13e-09	3.76e-09	8.09e-09	0	0	0	0	0	14.9	58.7	32.3	465	3.45e-09	1.28e-09	1.32e-09	3.19e-09	203	16.6	18.2	51	65.5	22	25.5	1340	941	592	7.53e-10	272	125	1.65e-09	179	37.2	2.16e-09	2.89e-09	2.64e-09	152	172	1580	59	693	3.77e-09	3.94e-09	3.6e-09	154	72.4	72.9	35.7	66.7	9.77e-09	5.27e-09	50.8	1.6e-08	2.03e-09	2.31e-09	152	3.45e-09	10.3	156
9.2	45.7	102	49	69.1	3.89	169	2.06e-09	60.3	27.1	178	105	233	28.5	124	59.1	1.02	10.9	14.5	1.64e-09	51.4	75.9	1.25e-09	27.1	1.13e-09	19.3	10.8	0.449	6.38	4.13e-09	49.8	35.6	5.44	3.9	1.55e-09	93.1	127	172	1.44e-09	116	10.3	51.1	209	62.6	34.9	1.47e-06	7.85e-08	1.37e-06	29.6	1.1e-06	114	85	55.7	260	3.43e-09	36.6	1.28e-09	2.74e-09	186	9.35	19.7	36	72.2	3.5	1.66e-09	1120	687	1.19e-09	185	388	206	15.7	1.82e-05	54.5	0.00112	2.37e-09	916	48.5	220	1420	86.3	558	315	268	589	185	1.64e-09	155	64.6	32.2	2.97e-09	1.87e-09	47.9	75.6	25.3	6.72	2.27	1.49e-08	0.0202	180
62.4	37.9	89.6	18.8	3.02e-09	95.4	35.2	3.61e-09	2.68e-09	56	41.4	120	251	217	7.02	57.2	17.2	2.33e-09	88.1	1.08e-09	65.7	21.1	67.5	5.96	88.4	1.03e-05	12.6	7.79	22	2.84e-09	68.5	4.58	3	47	23.9	55	28.8	201	116	197	48.5	147	1.47e-09	89.5	69.1	2.64e-06	1.4e-07	2.45e-06	16.5	1.96e-06	16.5	123	145	444	60.3	54.3	159	17.9	131	2.29e-09	4.26	41.3	81.8	23.8	1.41e-09	577	526	197	933	456	176	1.2e-09	80	153	82.4	915	0.00961	345	3.97e-08	474	175	495	58.6	3.77e-09	3.41e-09	208	57.5	72.9	1.32e-09	19	5.42e-09	3.9e-09	50	8.19e-09	19.2	2.11e-09	98.1	3.12e-09	45.7	174
131	9.52e-10	70.3	162	83.9	12.6	174	71.9	1.38e-09	40.9	306	41.2	91.6	130	37.8	7.55	16.9	22.6	8.8e-09	1.84	81.8	19.9	42.6	41.5	4.06	1.48e-08	7.04e-09	5.31	2.73e-08	1.94e-08	38.7	35.1	3.3e-09	3.87	11.1	180	281	176	4.14	1.11e-09	74.9	114	0.037	116	241	5.16e-06	2.75e-07	4.79e-06	8.45	3.84e-06	111	7.08e-10	196	424	172	42.4	1.27e-09	37.7	163	37.9	12.1	23.5	65.4	38.5	22.2	841	7.74e-10	858	1040	291	210	1.92e-09	1.24e-09	2.04e-09	2.6e-09	53.6	375	0.00582	348	2000	59	572	2.69e-09	352	3e-09	157	33.7	112	112	17.6	1.18e-08	6.35e-09	42.2	1.92e-08	2.44e-09	0.000925	43.2	2.8e-09	185	154
62.3	19.4	89.2	94.9	68.3	81.1	129	2.96e-09	13.4	11.8	199	12.9	163	171	63.5	40.8	1.37e-09	53.1	6.61	18.2	47.2	0.0373	97.6	82.4	9.2	0	0	0	0	0	36.7	25.6	9.96	29.8	1.46e-09	135	172	48.7	87.6	69.4	111	83.3	146	155	140	0	0	0	0	0	423	40.1	28.8	39.1	351	241	83	87.8	79.8	73.6	20	48.3	62.4	1.35e-09	33.2	1700	385	363	563	14.8	81.4	260	1.95e-05	132	118	907	2.63e-09	125	1.44e-09	1310	34.9	585	664	674	78.1	134	196	56.2	75.5	53.5	0.000364	4.74e-09	54.6	1.36e-08	1.96	2.22e-09	78.1	3.34e-09	109	138
174	151	4.95e-10	167	192	12.3	214	23.9	95.1	18.3	321	147	345	288	24.5	26.6	3.84e-09	7.97e-09	1.02e-08	5.01	17.9	77.3	19.7	24.2	9.49	1.11	12.2	1.22	1.18e-08	8.89e-09	45.4	26.6	2.69e-09	26	6.97e-09	131	4.75	117	2.52e-09	2.34e-09	395	49.2	9.81e-10	119	163	0	0	0	0	0	2.97	7.05e-10	123	579	168	1.09e-09	153	44.8	124	2.28e-09	1.29e-05	31.2	88.9	65.9	1.04e-09	985	1370	376	446	197	94	321	8.82e-10	142	1.55e-09	682	1.92e-09	263	308	1230	75.5	542	245	3.19e-09	3.15e-09	188	66.2	113	219	2.87e-08	1e-08	5.39e-09	49.7	1.63e-08	2.07e-09	2.76e-09	154	4.15e-09	1.68e-09	127
4.15	150	40.3	30.7	180	15.2	58.4	71.4	56.9	43.8	111	15.8	232	215	58.3	19.3	40.4	17.6	3.67e-09	24.9	40.9	86.7	0.0682	15.2	0.571	1.43e-08	1.79	3.68	2.89e-08	2.02e-08	43.1	32.1	8.88	11.3	15.6	164	65.5	145	115	1.34e-09	99.4	1.04	243	112	93.9	0	0	0	0	0	74	105	251	324	338	2.37e-08	139	157	124	70.6	17.5	35.8	64.2	2.31	2.93	1150	175	650	1610	31.1	143	48.2	33	22	2.7e-09	504	2.45e-09	110	121	1630	238	287	272	15.1	566	189	42.5	123	27.4	39.4	8.96e-09	4.83e-09	55.4	1.46e-08	1.86e-09	2.5e-09	95.6	3.66e-09	13.2	155
119	7.97e-10	66.5	110	271	11.5	51.1	2.28	4.3	57.4	312	35.9	126	160	84.2	21.7	1.53e-09	48.7	4.53e-09	27.3	45.2	10.6	24	77.6	3.3e-07	0	0	0	0	0	0.0257	54	4.01	15.6	6.66	42.4	2.85e-09	76.1	110	83.8	74.9	145	1.94e-09	2.33e-09	4.15e-09	0	0	0	0	0	299	48	157	228	144	1.57e-09	1.58e-09	75.9	138	45.9	18.8	42.1	60.3	38.5	39	1310	51.5	800	71.8	485	82.1	3.07e-09	85.3	2.56e-09	2.93	787	2.15e-09	272	395	548	156	461	43.1	4.18e-09	3.77e-09	157	38.1	106	104	42.7	9.16e-09	4.94e-09	54.2	1.5e-08	1.9e-09	1.98e-09	106	2.94e-09	68.6	175
30.3	30.6	78	7.23	53.5	27.2	10.9	24.5	98.3	26.6	182	106	41.2	103	1.06e-09	6.61	64.3	117	15.8	27.3	19.4	17.2	1.38e-09	103	3.36	2.27e-08	1.08e-08	3.45	4.2e-08	0.000377	10.5	50.6	9.86	7.37	7.5	1.68e-09	36.9	113	52.8	129	38.5	188	1.7e-09	2.04e-09	4.01e-09	0	0	0	0	0	1.81	165	77.7	391	25.4	75.1	5.67	105	195	74.1	25.6	13.6	78.6	5.53	1.78e-09	1210	341	1.27e-09	329	427	99.6	2.27e-09	87.8	34.5	24.5	135	167	452	17.6	555	0.00616	704	581	114	73.9	164	60.7	31.7	228	33	8.52e-09	4.64e-09	57.2	1.39e-08	0.477	2.92e-09	10.1	4.11e-09	1.84e-09	160
3.15e-09	190	29.9	8.7	0.313	109	59.3	3.72e-09	2.79e-09	31	204	61.2	181	255	28.7	1.34	22.6	2.02e-09	29.5	84.4	76.8	60.6	1.32e-09	13.6	1.26e-07	1.38e-08	5.59	6.69e-09	3.49e-08	2.3e-08	6.18e-10	41.2	51.6	35.4	5.83	103	11.1	193	82	101	45.8	119	91	134	59.7	8.08e-07	4.3e-08	7.5e-07	54	6.02e-07	25	97.2	55.5	480	2.93e-09	43.1	90.9	88.7	152	15.7	14.9	57.7	49.9	8.52	36.8	1420	791	1.1e-09	0.227	299	68.7	68.7	160	64.7	230	739	2.48e-09	483	6.65e-06	203	5.5e-10	875	3.57e-09	3.49e-09	3.24e-09	186	199	56.1	60.5	28.8	9.47e-09	5.11e-09	52.4	1.55e-08	1.96e-09	3.26e-09	7.38e-09	4.56e-09	2.06e-09	146
83	8.74e-10	68.2	161	183	104	75.3	12.1	49.1	20.4	327	98.3	240	230	65.8	46.3	1.62	75.3	29.7	61.9	24.2	11.5	33.4	79.2	84.2	0	0	0	0	0	57.7	21.2	41.1	12.6	11.1	269	279	161	194	7.88e-10	76.3	173	3.78e-07	99.6	141	1.06e-05	5.64e-07	9.82e-06	4.12	7.88e-06	150	7.59e-10	270	286	211	31.8	72.1	123	146	139	11.4	0.0404	96.8	6.83	27.8	975	585	895	842	253	90.5	54.1	268	65.8	121	867	2.08e-09	181	286	1170	0.00275	807	332	106	1030	191	141	114	11	33.8	3.35e-07	4.53e-09	56.1	1.27e-08	3.05	2.77e-09	6.28e-09	3.88e-09	1.75e-09	172
75	1.29e-09	61.6	135	26.4	112	2.12e-09	81.2	21.1	34.9	208	81.3	185	116	71.1	16.3	2.9e-09	5.34e-09	76.9	2.87e-09	6.37	86.4	1.37e-09	40.4	1.23e-09	3.54	11.5	1.31	16.6	3.93e-09	28	35.2	20.6	27.3	13.5	154	0.196	185	73	67.2	1.3e-09	162	87.6	5.85	113	0	0	0	0	0	121	103	1.62e-09	331	3.38e-09	22.5	155	14.7	102	2.79e-09	30.7	89.9	5.61	1.45e-09	4.36	564	482	253	9.57e-10	788	67.6	4.74e-09	31.5	4.34e-09	6.31e-09	298	646	395	56.1	249	127	563	2.93e-09	166	3.16e-09	185	116	75.7	0.000112	50.2	9.19e-09	4.96e-09	54	1.5e-08	1.9e-09	1.66e-09	234	2.54e-09	71.2	182
84.9	86.7	36.8	42.6	65.4	152	87.8	19.4	68.7	13.2	128	130	88.1	119	81.5	23.3	57.8	2.99e-09	3.85e-09	7.44	52.9	68	0.188	24	1.21e-09	2.25	13.2	16	2.34	0.00219	6.05e-10	54.2	40.8	6.7	13.1	56.4	43.1	126	2.2e-09	92.5	0.0084	140	1.61e-09	45.2	163	0	0	0	0	0	71.9	65.5	150	442	112	6	1.28e-09	29.7	196	20.2	30.8	26.5	58.1	1.57e-09	7.16	730	983	192	310	487	195	1.57e-09	111	1.41e-09	2.08e-09	74	191	271	1.86e-09	684	68.9	661	220	13.4	476	158	16.1	1.7e-09	87.4	57.1	8.59e-09	4.88e-09	52.5	1.38e-08	2.42	2.28e-09	20.8	3.22e-09	1.04	202
2.42e-09	168	36.3	1.86	81.4	111	58.5	3.94e-09	2.98e-09	24	94.9	58.1	173	199	66.7	1.44e-09	58.1	2.97e-09	74.8	0.824	61.9	20.4	0.139	77.1	48.3	3.84e-09	16.9	3.21	9.16e-09	6.15e-09	2.01e-09	49.3	9.8	19.5	22.6	171	1.48e-09	149	85.2	151	2.06e-09	67.9	1.93e-09	231	3.57e-09	6.21e-08	1.2e-05	0.124	1.37e-07	237	94.8	30.8	46.3	466	23.6	1.34e-09	1.36e-09	69.1	180	1.98e-05	10.6	23.2	94	4.44	4.52	627	589	319	539	542	110	98.1	126	13.5	2.19e-09	4.78e-09	434	339	1.64e-09	444	159	502	2.24e-09	96.7	382	176	13	128	127	27.2	5.71e-09	3.88e-09	54.5	8.73e-09	15	2.79e-09	6.32e-09	3.91e-09	1.76e-09	170
173	50.8	72.5	59.4	1.83e-09	2.59e-09	79.2	71.5	61.5	40.8	342	133	174	219	36.3	8.24	33.2	18.1	68.5	1.42e-09	59.9	33.1	1.73e-09	9.42	28.1	11.6	2.13	9.87	4.52e-09	5.76e-09	6.12e-05	42.2	3.06e-09	38.9	2.26	66.7	20	121	81.3	307	67.1	70.1	6.03	3.57e-09	30.9	356	1.04e-05	0.0234	1.23e-07	0.0226	180	55.1	125	368	106	99.8	5.49	21.2	180	56.7	20.9	50	44.2	38.4	34.6	1570	959	440	805	44.4	102	1.12e-09	202	219	68.2	4.72	341	304	171	648	22	782	268	358	157	190	34.2	74.2	173	21	8.72e-09	4.71e-09	56.9	1.42e-08	1.81e-09	2.69e-09	6.1e-09	3.77e-09	1.7e-09	177
5.06e-09	55.5	76.3	3.65e-09	4.54e-09	45.2	33.9	2.19e-09	111	24.6	317	144	178	67.4	133	22.5	5.08	2.23e-09	25.1	71	61	36.1	11.7	49.7	1.21e-09	10.8	1.3	6.1	5.54e-09	7.93e-09	35.7	22.9	1.2	49.6	35.2	1.8e-09	2.82e-09	237	2.61e-09	2.28e-09	125	150	9.36e-10	201	188	0	0	0	0	0	37.8	21.3	137	513	176	15.9	303	81.3	108	25	15.6	43.4	77.5	26.4	5.25	468	719	513	362	560	190	1.78e-09	65.7	1.68e-09	2.37e-09	67.2	347	383	15.4	151	242	354	2.25e-09	39.4	409	192	154	122	164	15.1	9.69e-09	0.993	49.6	1.54e-08	2.06e-09	4.32e-06	39.2	4.02e-09	1.76e-09	157
5.63e-09	1.36e-09	109	3.74e-09	5.71e-09	39.9	2.06e-09	41.4	19.1	76.5	57.5	25	131	11.1	122	25	1.44e-09	10.8	4.79e-09	41.4	8.88	100	1.44e-09	17.1	1.27e-09	13.4	18	4.17	3.28e-09	2.39	6.11	32.9	8.54	50.3	57.4	39.2	1.68e-09	228	106	106	1.92e-09	113	1.94e-09	138	4.05e-09	0	0	0	0	0	1.02	111	46.1	463	299	1.11e-09	99.5	5.23	167	2.91e-09	3.23	7.04	89	2.77	2.48e-09	1340	1.07e-09	1.39e-09	403	413	75.3	0.000337	271	158	24	107	2.64e-09	308	121	989	187	345	4.08e-09	5.07e-09	4.4e-09	183	143	167	173	24.2	0.00131	4.69e-09	55.4	1.35e-08	1.8	2.26e-09	6.48	3.19e-09	13	202
31.8	1.4e-09	68.8	2.71e-09	119	78.1	49.2	2.94e-09	23.9	53.4	243	95.1	169	209	35.7	1.15e-09	0.000175	2.33e-09	92.6	65.9	54.8	16.2	2.34	61	51	7	3.11	9.1	6.08e-09	6.7e-09	30.6	26.7	34	42.1	24.6	68.1	0.00681	116	95.6	120	81.9	158	1.45e-09	83.4	8.55	0	0	0	0	0	123	32	155	370	2.49e-09	1.28e-09	53.8	2.96e-09	168	3.53e-09	27	22.2	61.2	8.34	1.74e-09	1250	78	70.2	157	457	88.2	1.67e-09	180	97.1	2.19e-09	225	4.05e-09	262	2.23e-09	448	118	511	147	2.74e-08	3.36e-09	184	77.7	18.3	81.5	26.2	9.34e-09	5.04e-09	53.2	1.52e-08	1.94e-09	2.61e-09	26.8	3.71e-09	10.4	169
172	108	39.5	108	1.54e-09	68.4	103	19.5	20.2	15.6	79.3	1.25	225	8.96	100	65.3	39.3	57.5	2.07e-09	25.8	63	53.3	1.4e-09	25.6	1.27e-09	0	0	0	0	0	38.8	34.9	27.3	7.58e-10	27.9	15.3	75.7	118	178	133	143	53.5	40.6	24	312	0	0	0	0	0	68	77.3	259	324	130	75.2	39.1	65.3	134	118	13	45.4	41.2	2.15e-09	2.13e-09	1650	940	9.75e-10	515	4.3e-10	178	23.3	67.8	79.6	1.98e-09	2.67e-09	2.11e-09	206	742	763	63	646	3.34e-09	112	3.39e-09	143	29.5	2.51e-09	1.78e-09	68.8	8.55e-09	1.5	55.6	1.35e-08	1.83e-09	3.07e-09	6.96e-09	4.3e-09	1.94e-09	155
135	7.14	100	1.49e-09	124	10.2	151	158	85.1	17.8	75.8	11.8	17.7	173	155	1.25e-09	1.77	7.37	3.99e-09	86.8	65.2	43.7	14.8	29.8	2.71	3.17e-08	2.15e-08	1.72e-08	2.06e-08	5.99	39.2	20.4	14.8	36.4	28.9	60.1	39.2	103	38.1	2.13e-08	17.4	66.9	4.2e-09	2.67	19.8	0	0	0	0	0	226	74.7	110	255	159	146	46.8	67.5	70.3	2.28e-09	2.66	41	77.1	1.84e-09	5	601	417	627	1310	356	123	38.9	87.4	1.83e-09	7.67	221	3.07e-09	440	1.24e-05	289	4.6e-10	742	495	1.72e-09	479	186	2.02e-09	62.9	78.3	33.6	8.66e-09	1.24	55.3	1.38e-08	1.84e-09	1.79e-09	41.4	2.82e-09	318	98.2
2.01e-09	155	12.6	136	2.23e-09	70.2	157	107	88.1	22.3	318	126	209	1.2e-09	25.7	60.3	37.6	108	47.5	45.4	73.5	28.8	76.1	39.7	1.33e-07	0	0	0	0	0	1.59e-09	59.4	6.44e-09	1.02e-09	2.67e-09	1.84e-09	156	63.6	2.46e-09	121	1.62e-09	155	1.83e-09	2.15e-09	108	0	0	0	0	0	1.02	94.7	142	537	97.1	215	8.21e-10	146	130	17.1	23.8	3.74	81	1.91e-09	2.13e-09	2250	68.1	1.14e-09	8.98e-10	170	93.1	168	1.6e-09	14.4	2.77e-09	859	294	318	1.5e-09	17	318	123	3.01e-09	154	3.75e-09	218	28.5	23.2	92.7	14.3	8.89e-05	4.61e-09	56.2	1.33e-08	1.92	2.37e-09	45.5	2.87e-09	292	104
92.9	77.4	48.6	221	115	61.3	44.5	1.82e-09	122	37.1	279	126	163	1.58e-09	1.16e-09	3.06e-09	29.2	6.32e-09	26.9	1.91	23	108	6.75	1.27e-08	6.01	6.48e-09	8.78e-05	12.1	1.2e-08	8.53e-09	1.35	57.9	6.4e-09	1.03e-09	2.67e-09	249	1.97e-09	71.9	82.3	2.65	8.05	15.3	3.74e-09	151	6.24e-09	0	0	0	0	0	181	104	37	281	148	114	47.6	1.62e-09	121	106	8.07	16.1	57.7	2.75e-09	2.89e-09	2080	88.4	1.22e-09	0.00142	145	85.2	2.42e-09	45.5	2.29e-09	134	93.7	2.83e-09	568	1.54e-09	78.6	50.9	687	3.51e-09	67.3	3.45e-09	48.6	114	81.9	87.6	102	6.63e-06	4.88e-09	54.5	1.46e-08	0.386	1.79e-09	337	2.79e-09	1.08e-09	165
7.46	47.6	85.9	34.8	211	190	179	2.11e-09	1.58e-09	7.73	216	50.1	150	270	34.9	22.9	46.5	21.5	23.3	1.14e-09	49.7	63	17.3	20	42.4	0	0	0	0	0	15.8	39.7	23.9	28.5	3.06e-06	36.6	1.84e-09	177	255	8.19	17.5	32.8	388	189	248	4.93e-06	2.62e-07	4.57e-06	8.85	3.67e-06	0.00146	100	208	444	54.8	79.7	135	2.27e-09	96.2	23.6	21	47.6	53.7	39.2	24.4	0.0287	647	510	1190	579	127	9.49	65.9	64.7	2.64e-09	105	3.27e-09	338	38.2	567	4.71e-10	863	246	332	2.08e-09	173	2.04e-09	71.6	55.6	51.1	12.2	63.8	49.9	3.26e-09	1.3e-09	2.13e-09	131	3.24e-09	91.4	140
3.35e-09	82.4	82.1	2.69e-09	35.4	87.9	223	1.73e-09	54.5	2.89	345	90.8	296	175	74.5	27.1	6.15e-06	66.5	20.9	21.8	53.3	50.3	37.6	51.3	1.05e-09	7.34e-09	10.5	3.55e-09	1.85e-08	1.22e-08	7.66	43.9	2.43e-09	44.6	6.83	163	180	229	17.2	1.13e-09	177	80.6	170	113	66.2	0	0	0	0	0	162	31	213	382	115	80.3	74.2	0.00223	156	130	11.9	37.9	85.1	31.3	26.5	1780	796	254	1.31e-07	203	146	1.22e-09	162	163	15.4	2.94e-09	2.61e-09	160	241	1420	152	535	236	132	313	170	105	105	99.5	14.1	8.63e-09	4.65e-09	57.6	1.41e-08	1.79e-09	2.75e-09	6.24e-09	3.86e-09	1.74e-09	173
333	95.6	48.8	88.5	117	57.9	155	12.5	64.9	19.3	140	45.4	222	182	74.5	51.9	14.9	70.2	13.6	33.1	80.4	1.03e-05	1.18e-09	94.9	2.96e-08	0	0	0	0	0	12.7	52.4	5.06	9.74e-10	2.23e-09	108	194	176	65.4	1.28e-09	2.34e-09	200	56.6	22	51.9	0	0	0	0	0	119	98.8	157	324	307	166	100	1.59e-09	99.1	80.5	19.6	0.179	56.6	11.6	2.39e-09	788	1130	460	991	215	176	83.9	1.39	1.72e-09	54.5	546	1.96e-09	169	542	1130	6.2e-06	775	590	269	397	103	26	103	75.3	68.8	9.07e-09	1.19e-07	54.8	1.48e-08	8.15e-09	2.49e-09	49.4	3.64e-09	52.9	151
171	8.86e-10	81.5	67.9	140	31.9	1.99e-07	5.94e-09	4.26e-09	59.3	228	134	249	196	72.7	1.42e-09	1.31e-09	46.5	62.4	36.9	30	45.1	10.5	53.9	66.7	0	0	0	0	0	6.25e-10	51.9	15.5	8.46e-10	35.1	136	154	170	3.3	13.6	40	127	2.06e-09	18.8	42.5	0	0	0	0	0	135	47.3	2.03e-05	464	69	33.3	2.14	122	186	60	34.2	31	32.1	4.93	9.59	6.33	581	608	1290	584	95.8	90.6	0.781	1.7e-09	246	1090	2.41e-09	172	1.3e-09	1210	97.9	578	235	3.59e-06	968	172	22.1	135	203	23.1	9.41e-09	5.08e-09	52.7	1.54e-08	1.95e-09	2.65e-09	6e-09	3.71e-09	1.67e-09	180
28.2	82.7	64.3	119	59	67.1	119	20.5	5.35	52	257	117	149	259	49.3	45.8	17.9	3.01e-09	3.96e-09	20.4	25.3	60.7	0.000759	73.6	1.1e-09	0	0	0	0	0	44.8	29.6	45.3	11.6	15.6	117	102	172	87.3	12	2.2e-09	114	3.85	24.5	48.2	0	0	0	0	0	104	105	101	387	138	46.4	1.13e-07	241	172	75.7	2.53	33.1	58.8	2.5e-09	2.49e-09	1350	373	1010	1150	37.5	130	49.3	106	218	37.2	1240	2.14e-09	245	1.14e-09	1150	91.1	611	367	1.16e-06	309	195	149	104	132	14.4	9.63e-09	5.19e-09	51.6	1.57e-08	2e-09	2.35e-09	4.43e-09	3.37e-09	56	175
6.17e-09	1.49e-09	99.4	4.1e-09	6.26e-09	120	80.2	69.6	1.45e-09	55.8	140	51.2	3.83e-09	60.5	1.9e-09	54.9	24.6	2.05e-09	77.2	13.9	31.8	48.6	27.7	55.7	10.3	17.8	15.7	14.7	2.37	2.65e-09	6.95e-10	29.1	2.17e-09	52.6	22.9	114	18.6	81.8	15.3	46.9	44.1	194	1.54e-09	1.85e-09	35.1	0	0	0	0	0	22.3	97.3	202	514	318	110	0.187	2.54e-09	165	6	5.31e-10	5.03	108	11.9	32.3	1280	1060	56.6	558	222	206	1.96e-09	1.27e-09	2.08e-09	2.65e-09	170	599	322	1.43e-09	478	79.9	699	179	181	2.48e-09	162	85.7	134	94	41.4	7.53e-09	4.32e-09	58.7	1.2e-08	3.37	2.15e-09	41.6	3.33e-09	223	100
33	172	36.7	1.59e-09	178	6.23	133	27.3	29.2	19.4	309	78.1	257	234	42.4	41.7	7.5e-10	45.3	57.6	60.9	60.1	47.2	1.72	59	1.2	0	0	0	0	0	17.9	47.2	24.3	9.12e-10	1.84e-09	138	62.4	192	24.9	47.3	53.5	126	131	67.6	147	5.14e-06	2.74e-07	4.77e-06	8.49	3.82e-06	97.9	36.2	207	321	238	101	74.3	102	146	41.7	0.000157	18.2	87.6	2.33e-09	2.41e-09	1210	259	1.29e-09	606	323	119	0.00551	234	0.0144	2.1e-09	1100	2.07e-09	262	1.12e-09	1300	4.08e-09	722	324	2.7e-09	2.74e-09	211	26	65.4	195	4.15e-10	3.78e-09	3.27e-09	41.7	5.5e-09	41.5	2.81e-09	9.81e-06	5.71e-07	125	108
22.3	164	52.2	54	2.14e-09	78.9	55.5	116	1.66e-09	21.3	189	118	49.4	164	46.4	20.3	33.1	12.1	89.9	1.19e-09	55.9	25.2	1.41e-09	61.2	0.66	5.23e-09	2.33	10.6	2.16	7.25e-09	0.0277	45.7	3.18e-09	36.8	1.86e-09	60.4	57.8	207	44	11.2	91.7	80.3	2.8e-09	3.37e-09	5.3e-09	1.91e-06	1.02e-07	1.77e-06	22.8	1.42e-06	41.5	81.5	98.7	499	2.58e-09	1.25e-09	1.28e-09	59.8	194	9.51	13.3	35.7	85.3	50.3	44	1020	751	146	117	459	42.4	9.34e-09	6.07e-09	9.9e-09	2.14	191	2.9e-09	467	32.4	267	37	728	394	120	145	226	2.14e-09	60.7	66.7	5.51	6.67e-09	4.32e-09	51.8	1.03e-08	10.5	2.67e-09	46.5	3.82e-09	1.67e-09	164
251	210	2.63	54.7	101	2.31e-09	79.1	133	41.7	43.3	3.31e-09	46.9	2.71e-09	135	95.7	61.4	23.3	3.07e-09	3.8e-09	1.26e-09	47.7	4.94	24.6	85.7	19.6	12.3	3.12e-09	6.01	5.2e-09	8.11e-09	4.25	42.7	3.25e-09	30.8	3.63	266	43.2	128	7.5	12.9	128	148	28.8	1.53e-09	127	0	0	0	0	0	44.8	115	141	419	173	229	105	143	85.3	1.28e-09	7.42	6.98	93.8	1.42e-09	33.8	790	472	190	1.01e-09	590	54.6	1.73e-09	236	86.5	2.24e-09	475	2.59e-09	285	97.1	870	69.4	577	4.25e-09	4.54e-09	4.12e-09	186	2.96e-09	34.9	1.71e-09	35.4	9.82e-09	5.3e-09	50.6	1.6e-08	2.04e-09	2.06e-09	173	3.07e-09	4.49e-08	179
72.6	26	85	47.3	38.5	7.82	2.83	8.24e-09	5.75e-09	47.5	141	123	209	253	5.49e-10	54.9	41.5	72	138	6.17e-10	60.9	0.00615	1.11e-09	121	0.0466	5.65e-09	0.00586	7.28	6.88	7.92e-09	15.9	40.6	2.81e-09	15.3	24.3	283	333	8.11e-07	1.2e-09	75	36	87.4	118	87.3	19.9	0	0	0	0	0	375	105	134	103	176	56.5	1.1e-09	139	163	16.4	41.8	0.0502	34.7	26.1	27.4	2150	1.16e-09	150	9.92e-10	76.3	68.6	11.2	43.3	58.5	4.11e-09	364	3.07e-09	194	1.73e-09	1130	50	615	452	0.0391	127	141	95.1	10.1	160	52.7	9.32e-09	7.1e-08	53.3	1.52e-08	1.93e-09	3.19e-05	110	3.4e-09	56.1	149
208	89.5	78.5	1.27e-09	32.7	133	187	82.3	54.8	9.48	124	87.6	112	160	86.4	23.1	29.1	14	19.8	9.77	75.8	3.05	21	87.5	37.2	16.5	17.6	13.3	76.1	6.22	28.1	25.3	11.8	44.4	12.9	53.2	139	97.1	1.64e-09	181	64.8	168	150	1.4e-09	30.3	0.0118	6.89e-06	0.0207	0.337	0.0461	5.72e-05	67.2	1.57e-09	534	3.44e-09	30.9	107	54.5	135	2.45e-09	33.9	42.4	6.09	22.9	22.6	1340	580	405	28.9	424	176	2.29e-09	1.43	2.41e-09	3.08e-09	791	2.81e-09	380	0.000569	247	276	341	95.1	26.3	3.16e-09	191	67.9	102	73.1	25.8	9.24e-09	4.99e-09	53.7	1.51e-08	1.92e-09	2.47e-09	4.8e-09	3.52e-09	43.4	172
132	31.7	89.3	9.4	24.3	130	170	1.5e-09	100	2.79	193	137	125	175	6.85e-10	10.5	21.6	60.9	77.5	52.6	64.2	44.6	1.24e-09	51.6	1.14e-09	0	0	0	0	0	0.0812	58.6	4.38e-09	9.9	4.84	49.9	1.85e-09	186	76.8	129	10.2	59.1	110	3.26e-09	5.43e-09	0	0	0	0	0	61.3	54.8	147	465	52.5	67.5	46.4	1.94e-09	147	64.9	22	59	51.2	5.71	14	1620	712	327	89.7	207	130	83.4	75.5	46.4	2.2e-09	37.5	339	201	1.86e-09	835	183	447	38.7	55.5	83.8	126	84.7	7.26	41.5	77.3	7.67e-09	4.67e-09	51.4	1.21e-08	6.18	2.46e-09	5.57e-09	3.45e-09	0.00224	193
30	122	63.3	19.2	2.6e-09	1.87e-09	75.3	163	71.8	56.6	155	133	96.2	279	38.1	2.41e-09	54.1	5.04e-09	6.46e-09	1.64e-09	14.4	69	1.44e-09	46.4	1.3e-09	1.06e-08	5.81	1.51	2.49e-08	1.68e-08	0.383	42.9	0.0172	54.3	1.55e-09	89.7	3.05e-09	123	29.5	2.45e-09	28.5	156	44.9	102	86.6	0	0	0	0	0	367	9.08e-10	1.57e-09	171	24.5	105	119	66.9	107	97	21.7	46.5	56.9	21	1.35e-09	57.5	542	1.72e-09	174	811	129	3.15e-09	2.03e-09	3.33e-09	4.24e-09	330	3.17e-09	427	1.71e-09	178	5.31e-10	812	184	133	2.59e-09	158	23.5	2.25e-09	15.4	66.7	8.53e-09	4.83e-09	53.1	1.37e-08	2.33	2.26e-08	99.5	3.42e-09	0.817	173
122	161	13.9	207	163	68.8	136	4.93	40.6	34.1	253	55.8	213	271	58.4	56.4	7.34	19.2	54.6	52.2	46.2	33.5	22.1	87.8	1.03e-09	1.27e-08	2.01	4.13	2.57e-08	0.00577	6.37e-10	33.9	2.1e-09	57.2	18.1	41.5	247	168	8.71	43	105	72.7	181	208	1.8	0	0	0	0	0	0.544	108	174	521	2.25e-09	37.5	43.9	35.2	155	27.5	16.7	68.6	37.8	27.8	6.52	1440	7.08e-10	1030	968	110	124	3.38e-09	2.1e-09	3.45e-09	4.39e-09	2.64e-09	383	70.6	47.4	1800	4.42e-10	767	617	268	178	122	62.3	106	204	42.7	3.87e-09	26.3	46.8	44.8	1.45e-09	1.45e-09	72.1	2.35e-09	473	74.8
151	209	4.21e-10	183	169	34.9	94.1	2.8e-09	45	25.3	254	72.6	160	242	5.86e-10	38.2	37.4	2.84e-09	17.9	8.77	8.95	85.9	0.84	41.4	13.1	4.74e-09	5.88	10.6	9.7e-09	6.76e-09	13.4	45.2	3.13e-09	25.1	4.23	141	248	84.2	120	198	66.6	104	21.5	20.2	27.2	0.0916	1.34e-05	218	1.86e-07	0.00304	156	2.99e-08	179	273	2.63e-09	1.13e-09	1.14e-09	129	195	24.9	15.8	5.29	103	33.7	42.6	968	683	719	171	389	69.6	186	1.82e-09	2.33e-09	22.1	5.2e-09	209	274	5.52	595	93.4	571	63.7	12.3	259	168	77.3	27.4	20.3	43.8	9.19e-09	4.96e-09	54	1.5e-08	1.91e-09	1.5e-09	351	2.39e-09	139	145
17.9	1.06e-09	106	26.3	96.2	84.3	178	17.3	31.5	21.7	188	55.7	70.9	152	51.2	30.2	38.2	26.1	3.28e-09	21.1	72.8	49.1	1.22e-09	14	54.9	20.7	10.8	4.02	34.8	4.47	1.03	60.5	6.18e-09	9.89e-10	2.57e-09	6.2	259	79.9	1.65e-09	175	96.8	144	1.75e-09	2.1e-09	26.4	0	0	0	0	0	134	20	7.21	355	132	153	61.3	70.1	139	12.4	20.1	36.1	70.1	1.68e-09	1.74e-09	1550	520	590	234	230	213	27.9	19.5	1.68e-09	14.8	30.3	3.53e-09	245	2.02e-09	928	279	218	382	2.24e-09	323	199	95.4	80.9	140	22.8	9.07e-09	4.89e-09	54.7	1.48e-08	1.88e-09	2.31e-09	8.18	2.61e-06	63.3	173
29.3	181	9.9	172	201	35.2	81.4	53.3	92.3	35.4	315	88.6	219	228	51	21.8	51.8	30.8	29.2	14.2	59.1	46.9	46.4	39.1	1.09e-09	0.000906	11.5	15.3	5.13e-09	3.71	25	40	27	19	2.99	233	182	128	109	12.4	31.7	170	108	46	111	1.17e-05	6.24e-07	1.09e-05	3.72	8.71e-06	2.7	122	55.5	441	123	6.04	51.6	0.00016	176	50.7	28.4	3.83e-07	79	25.2	1.91	1140	717	569	825	178	175	40.9	49.1	10.1	17.7	1030	284	282	2.71	872	39.8	691	389	20.2	362	182	62.5	37.7	101	25.9	9.62e-09	5.19e-09	51.6	1.57e-08	1.99e-09	2.05e-09	17.1	3.06e-09	163	148
11.7	154	16.1	203	324	61.7	135	3.15	11.2	12.9	312	131	249	186	42.5	17.8	21.7	4.73e-09	6.32e-09	14.6	60	23.2	1.3e-09	43.6	56.2	9.06e-08	6.15e-08	4.93e-08	5.9e-08	2.09	30.4	38.1	23.9	8.87e-10	7.67	71.3	147	176	1.68e-09	51.2	58.2	167	1.71e-09	2.05e-09	28.5	0	0	0	0	0	245	155	38.3	167	63.7	1.16e-09	78.7	32.1	165	0.948	18.4	52.2	59.2	58.5	25.5	1130	167	339	536	297	67.8	98.5	84.2	61.7	101	4.71e-09	196	272	1.88e-09	735	72.4	601	223	2.04e-09	606	119	38.9	2.44e-09	1.71e-09	88.2	1.02e-08	5.5e-09	48.7	1.66e-08	2.11e-09	2.34e-09	4.28e-09	3.36e-09	66	171
54.5	170	1.06	215	284	135	208	1.64e-09	52.7	7.66	5.66e-09	34.8	5.07e-09	2.08e-09	103	62.1	32.6	2.17e-09	15	17.2	5.08	88.2	96.2	6.75	1.13e-09	1.21e-08	5.79e-09	6.46	2.24e-08	1.6e-08	46.4	13.7	14.1	48.2	18.7	48.3	196	201	242	1.02e-09	247	109	9.88e-10	93.3	228	0	0	0	0	0	6.45e-10	264	298	205	2.12e-09	336	291	252	8.62	141	24.1	66.4	5.41e-10	60.6	39	1.12e-09	4.45e-07	2.5e-06	235	956	3.95	89.7	331	148	220	454	1.86e-09	149	1040	373	334	9.19e-10	484	187	506	6.51e-10	70.9	77.5	68	154	139	205	36.6	137	45.8	5.67	44.2	9.03	4.96	187
193	8.13e-10	73.6	165	124	3.11e-09	2.02e-09	122	76.5	34	103	1.54e-09	49.9	1.14e-09	175	52.2	59.5	56.4	2.04e-09	23.6	12.9	87	92.8	5.22e-10	1.15e-09	0	0	0	0	0	59.5	20.4	3.67e-09	12.3	32.1	272	174	133	84.2	158	403	3.78e-10	199	222	234	0	0	0	0	0	2.15e-09	225	3.55e-09	2.15e-09	16.9	213	278	55.1	23.6	123	46.6	6.86	9.27	7.16	13.9	532	8.16e-10	583	966	566	190	5.24	55.2	76.8	29.8	490	1760	4.09e-10	781	705	127	358	685	155	949	110	121	76.9	108	68.1	180	104	38.6	358	17.6	143	431	2.16e-09	9.03e-10	142
1.76e-09	98.1	30.6	1.95e-09	247	2.02e-09	67.3	133	150	29.5	3.13e-08	2.2	2.41e-08	9.28e-09	25.2	0	0	0	0	0	49	34.4	1.54e-09	45.2	1.43e-09	0	0	0	0	0	29.3	36.3	15.1	6.42	20.6	102	86.2	1.31e-09	42.1	176	137	195	1.02e-09	121	66.4	0	0	0	0	0	2.06e-09	167	24.2	2.24e-09	171	166	162	127	85.9	237	30.5	14.8	56.4	56.5	43.9	926	1.66e-09	313	1.59e-09	249	58.7	53.2	227	282	116	35.6	3.43e-09	426	121	3.09e-09	218	89	924	935	425	159	211	180	224	28.4	208	103	35.1	405	9.5	3	1.13e-08	2.95	3.2e-09	92.3
1.38e-05	52.3	56.3	274	178	168	205	189	94.7	4.59e-10	2.58e-09	1.71e-09	251	32.3	114	43.7	43.1	3.04e-09	3.81e-09	1.16e-09	4.37	95.9	1.23e-09	47.9	1.1e-09	0	0	0	0	0	47	25.5	31.1	8.91	2.41	264	75.4	246	1.15e-09	1.06e-09	79.1	51.9	340	286	157	0	0	0	0	0	1.21e-09	237	85.9	57.3	83.9	306	229	215	15.5	167	56	5.15e-09	9.44e-10	64.2	7.71	718	8.88e-10	423	1130	281	103	27	243	154	128	5.41e-09	2.75e-09	475	268	2.58e-09	1.17e-09	664	1180	229	970	121	137	93.2	95.9	80.7	23.5	132	37.8	164	85.3	219	192	2.08e-09	107	126
2.84e-09	241	7.3	11	2.23e-09	55.9	0.787	14.9	4.97	76	3.64e-09	106	4.29e-09	2.06e-09	77.8	20.9	64.6	2.13e-09	45.5	18.2	51.3	69.1	7.79	1.02	50.4	4.33	7.27	2.26e-09	16.7	7.94	43.1	12.8	1.81e-09	45.3	26.6	1.17e-09	32	165	89.8	184	219	150	8.14e-10	230	176	0	0	0	0	0	1.11e-09	260	74.6	65	106	395	297	155	7.56	47.8	53.8	12.9	8.3	1.26e-09	39.8	94.4	251	296	29	816	195	1.06e-09	32.9	285	38.7	192	2.61e-09	463	275	4.38	199	349	896	1.36e-09	561	6.89e-10	36.9	1.98e-09	57.1	167	111	139	37.5	48.7	66.8	22.6	0.000495	2.57e-09	325	116
63	135	43.5	64.9	170	105	113	23.3	41.9	28.3	4.77e-09	2.97e-09	103	59.5	57.8	52.7	44.2	109	93.7	43.9	16	87.3	23.9	19.4	1.23e-09	0	0	0	0	0	1.83	49.3	5.22e-05	41.9	1.64e-09	71.1	204	182	158	30.4	96.6	148	170	144	131	0	0	0	0	0	13.1	192	12.7	2.24e-09	8.39e-09	273	161	190	53.4	99	51.7	8.5	9.48e-10	18.8	32.6	8.58e-10	354	381	347	913	201	1.31e-09	41.1	73.5	106	1200	355	401	452	264	173	442	40.6	116	269	48.3	74.3	68.9	96.9	111	100	93.6	39.9	206	53.6	68.4	309	2.51e-09	43	146
5.23e-09	1.26e-09	117	3.47e-09	5.3e-09	4.6e-09	3.52e-09	0.607	4.49e-09	66.2	5.93e-09	2.92e-09	4.12e-09	70.6	98.6	1.39e-09	79.9	2.9e-09	3.82e-09	12.2	27.1	61.4	1.2e-09	69.8	1.1e-09	0	0	0	0	0	17.2	42.8	47.6	29.6	1.22e-09	4.13e-09	6.4e-09	32.2	1.73e-06	107	52.5	252	1.14e-09	60.7	2.57e-09	0	0	0	0	0	1.79e-09	261	24.8	1.79e-09	6.41e-09	195	1.01e-09	2.48e-09	131	2.85e-09	63.9	2.29	1.08e-09	1.98e-09	2.35e-09	558	2.31e-09	2.93e-09	2.09e-09	361	227	1.78e-09	1.15e-09	1.89e-09	2.4e-09	6.69e-09	2.88e-09	567	54.4	2.52e-09	354	3.75e-09	3.92e-09	6.25e-09	5e-09	6.07e-10	83.7	35.7	119	162	15.8	1.46e-09	42.2	2.03e-09	131	2.06	5.63e-09	12.2	2.04e-08	186
169	80	81.3	82.4	7.63	66.6	1.68e-09	1.85	135	48.1	3.24e-09	1.79e-09	63.3	168	98.6	41.2	63.8	12.4	42.4	44	65.8	67.3	1.23e-09	27.1	1.42e-09	1.28e-08	1.8	4.29	2.57e-08	1.8e-08	32.7	28.1	2.64e-09	35.3	1.51e-09	138	236	109	95.1	136	203	110	131	182	1.58e-09	0	0	0	0	0	1.05e-09	270	152	68.2	3.4e-09	255	343	62.5	7.48	206	56.7	0.589	1.25e-09	0.206	1.09	1.23e-09	1.5e-09	8.67e-05	225	861	126	57.6	72.7	158	169	124	1150	106	1010	243	220	247	478	319	694	77.9	115	111	1.08e-09	104	70.5	8.26e-06	43.7	1.91e-09	111	0.51	4.88e-09	59.6	30.6	162
4.57e-09	18.9	119	3.12e-09	4.46e-09	3.05	9.62	1.84	3.39e-08	1.81e-08	10	7.36	2.21e-08	0.989	17.3	1.41e-09	62.3	2.93e-09	4.01e-09	26.4	8.08	123	0.00131	0.000242	18.6	0	0	0	0	0	6.99e-10	57.8	6.51e-09	0.465	2.72e-09	1.64e-08	27.4	1.49e-08	16.2	2e-08	1.97e-09	149	20	2.61e-09	5.43e-09	4.03	2.55e-07	2.26	9.11	3.8	26.1	262	2.89e-09	1.69e-09	6.46e-09	3.35e-05	1.13e-09	2.49e-09	242	3.07e-09	75.1	3.77	9.06e-10	1.67e-09	1.97e-09	4.23e-09	5.38e-09	8.67e-09	5.31e-09	285	1.07e-07	1.89e-07	1.79e-07	1.99e-07	5.07	5.69e-09	2.59e-09	593	129	2.31e-09	366	1.31e-09	3.78e-09	6.03e-09	4.82e-09	111	3.81e-09	3.26e-09	2.19e-09	71.3	1.69e-09	1.74e-09	41.6	2.4e-09	116	12.4	5.4e-09	21.5	1.57e-09	184
138	85.2	48.7	121	102	51.6	1.61e-09	43.6	103	61	4.2e-09	2.55e-09	78.1	180	14	17.7	6.31	3.13e-09	4.59e-09	53.3	47.1	39.1	73.5	54.1	1.04e-09	1.82e-08	4.24	8.81e-09	4.59e-08	3.03e-08	16.9	50.4	5.19e-09	9.89e-10	2.25e-09	83.8	59	172	48.7	142	286	13.6	239	295	188	0	0	0	0	0	1.2e-09	136	74.1	96.4	230	256	171	74.1	77.4	106	45.2	8.13e-10	28	2.17e-09	2.53e-09	1210	317	4.63e-08	221	259	77.8	47.7	233	188	237	4.93e-09	923	368	3.16e-08	2.59e-09	259	8.91e-10	602	530	619	82.3	91.7	119	224	65.5	96.9	179	37.3	205	48.9	74.6	411	225	164	109
23.8	170	18.5	146	228	125	2.15e-09	30	2.38e-09	57.9	2.88e-09	69	62	1.24e-09	149	30.5	58.4	60.5	25.9	20.9	53.1	23.9	0.0127	102	2.63e-08	0	0	0	0	0	26.6	26.8	33.1	49.8	15.8	101	83.4	233	1.65e-09	0.00608	30	181	58.9	213	116	0	0	0	0	0	28.6	284	21.2	1.36e-09	93.2	154	176	63.8	102	78.7	45.5	1.01e-09	1.22e-09	31.2	17.8	676	306	578	1.05e-09	604	152	1.06e-09	38.7	281	134	918	744	373	395	144	351	99.6	202	2.33e-05	950	51.8	59.1	32.9	90.3	110	15.1	9.13e-10	40.8	157	94.5	161	2.35e-09	2.27e-09	170	145
17.5	89	66.9	73.6	215	53.9	2.58e-09	8.14	84.2	27.5	116	45.4	2.59e-09	1.28e-09	148	28.9	38.4	2.57e-09	3.48e-09	31.7	0.000133	79.7	87.6	30.4	1.1e-09	10.4	1.11	0.337	7.39e-09	1.5e-08	0.985	42.4	1.53	46	7.21e-07	22.7	46.6	325	1.66e-09	1.46e-09	459	69.8	9.51	208	1.29e-09	0	0	0	0	0	27.6	245	78.1	1.39e-09	106	80.3	238	98.8	98.3	174	33.9	13.1	62.1	92.3	46.4	8.93e-10	432	344	73.4	982	100	1.02e-09	155	211	228	793	510	415	69.7	1.98e-09	129	427	1020	1.18e-09	803	6.78e-10	2.06e-09	35.5	88.7	160	241	145	37.8	364	8.73	263	3.19e-09	2.29e-09	0.329	160
2.15e-09	252	5.45e-10	2.03e-09	84.1	165	65.4	16.8	143	34.2	197	64.9	2.5e-09	70.7	37.4	58.8	54.6	1.78e-09	2.34e-09	31.1	70.3	13.5	1.15e-09	92.5	0.086	8.41	14.1	1.41	5.4e-09	5.96e-09	45.1	21.8	2.55e-09	19.2	15.3	163	67.4	81.3	12.7	167	150	222	15.2	9.83	72.1	0	0	0	0	0	12.6	241	97.2	71.6	89.1	107	267	203	80.1	96.2	51.8	7.09e-10	26.8	7.54	11.3	292	465	229	60.2	801	191	114	8.99e-10	95.7	1.77e-09	1270	992	212	425	1.64e-09	97	410	1050	423	822	39.9	56.9	62.9	122	102	47.9	76.2	37.1	1.27e-09	124	4.42	6.01e-09	9.25	1.71e-09	173
142	42.5	72.5	192	103	1.34	96.8	15.7	37.1	41.9	36.9	10.4	1.72	19.1	156	20.9	45.7	14.1	3.54e-09	23.1	80.8	2.73	47.7	47.4	1.28e-09	0.183	0.0662	3.01	4.28e-08	3.26e-08	62.9	8.29	29.9	41.2	18.2	308	329	50.7	84.8	154	115	134	89.7	237	9.72	0	0	0	0	0	6e-08	270	98.5	15.1	296	142	159	76.3	134	60.3	49.8	20.9	0.000883	83.5	48.3	255	22.7	285	101	714	154	150	12.6	131	244	374	354	324	607	139	30.5	585	864	408	598	115	136	16.7	113	66.1	75.2	3.32e-07	42.5	186	88.7	223	213	32.4	294	54.8
158	151	4.45	294	213	83.6	175	21.7	61.9	24.8	4.92e-09	2.97e-09	73.9	115	34.8	16.7	19.7	2.47e-09	3.59e-09	62.8	7.13e-10	88.4	61	6.13e-10	6.29e-08	0.794	5.99	0.324	2.34e-08	1.86e-08	13	40.9	2.35	37.5	3.87	184	312	108	111	74.4	332	43.8	193	187	134	16.6	0.000206	1.73e-08	1.28e-06	13	1.55e-09	231	140	1.6e-09	12.4	0.149	262	0.000484	133	194	44.9	23.8	8.33e-10	28.3	16.6	116	308	399	443	711	237	38.5	0.584	66.4	8.54e-06	851	267	400	343	355	144	474	759	205	118	126	68.7	123	191	47.5	8.34e-10	114	41.1	208	87.8	15.8	5.44e-09	6.61	0.568	184
43.9	72	58.7	1.82e-09	178	99.2	80.5	4.1	71.8	38.4	5.61e-09	2.44	23.7	46.7	101	55.3	44.9	87.9	1.78e-09	42.6	39.4	32.1	48.4	70.6	1.11e-09	0	0	0	0	0	6.71e-10	56.5	4.93e-09	3.97	7.43	40.6	37.2	108	49.8	2.71e-09	101	194	98.1	98.2	267	0	0	0	0	0	1.09e-09	281	155	1.18e-09	232	358	230	155	43.1	16.6	68	6.3e-08	1.02e-09	6.41	3.44	1.11e-09	1.29e-09	344	306	779	75.8	24.3	276	196	181	320	118	533	157	269	178	327	780	316	861	28.3	80.2	87.1	86.7	134	69.8	7.42e-10	43.1	192	78.7	1.71e-09	205	254	1.23e-09	127
185	85.1	30.6	34.6	196	152	65.8	56.9	119	29.4	79.2	23.5	115	122	72.4	27.9	10.9	5.09e-09	0.604	10.9	51.8	15.7	53.5	76.1	22.7	0	0	0	0	0	27.3	23.6	0.732	50.2	0.62	3.5e-05	2.58e-09	215	29.2	40	194	94.4	299	24.5	216	0	0	0	0	0	60	273	29.3	9.96e-10	472	345	302	246	3.21e-10	224	32.4	45.1	42.9	49.2	40.9	1120	291	449	296	333	3.7e-10	294	289	119	323	302	720	186	547	84	4.17	554	1140	722	947	120	178	132	119	47.6	218	116	37.6	395	0.00379	0.0114	7.53e-09	0.000526	2.1e-09	143
209	9.28e-10	85.4	142	1.58e-09	21.6	33.1	104	21.1	53.9	131	36.7	99.4	127	1.09e-09	14.4	68.7	3.7	10.1	72.4	8.09e-10	101	1.66e-09	6.4e-10	9.64	0	0	0	0	0	20.6	39.4	3.13e-09	26.7	1.71e-09	173	195	209	11.6	0.00844	122	112	133	146	28	0	0	0	0	0	1.93e-09	198	2.87e-09	9.57	129	7.57e-10	179	129	139	226	58.1	14.3	8.28e-10	10.6	32	165	960	295	9.36e-10	728	114	303	8.34e-10	1.03e-09	310	2.69e-09	493	182	734	421	434	9.6e-10	94.4	241	82.3	127	154	17.7	1.27e-09	79.1	106	77.9	42	282	50.3	0.725	4.44e-09	13.9	21.6	211
179	92.7	65.6	2.39e-06	119	82.2	109	63.3	78.2	30	181	96.5	49.8	1.37e-09	88.8	2.33e-09	24	57.1	6.61	1.88e-09	3.74	106	54.2	5.28e-10	1.18e-09	0	0	0	0	0	3.1	59.1	3.14	9.74e-10	2.44e-09	65.5	141	177	1.95e-09	1.28	205	126	149	108	133	0	0	0	0	0	7.38e-10	274	186	106	340	157	218	87	97.9	123	43.1	34.5	17.3	35.4	30.3	139	313	5.72e-06	69.4	836	74.1	135	217	293	1.24e-09	2.87e-09	586	325	604	216	72.4	564	628	495	1030	8.31	72.9	76	103	123	193	91.8	33	344	33.9	102	254	261	80.7	95.7
3.41e-09	127	32.6	25.7	13	112	33	59.8	107	41.8	2.11e-09	114	1.94e-09	151	131	37.5	9.94	38.4	60.8	52.8	50.6	8.42	1.4e-09	80.3	9.09	12.6	2.85	14.7	3.41e-09	2.92	73.2	3.24e-10	83.7	53.4	27.6	4.66e-09	7.47e-09	70.8	31.6	5.74e-09	149	196	9.08e-10	87.3	218	0	0	0	0	0	7.92e-10	255	140	154	122	426	199	261	43.5	0.155	36.6	4.17e-10	59.5	97	66.4	1.08e-09	242	172	1.29e-09	943	108	1.36e-09	260	80.6	1.77e-09	2.55e-09	754	190	545	643	244	252	666	468	889	7.46e-10	1.98e-09	33.2	146	127	121	258	27.7	122	62.4	2.32e-09	158	0.262	5.82	155
3.33e-09	191	29.9	2.68e-09	2.61e-09	58.4	14.7	27.1	164	49.5	1.84e-09	6.4	295	68.2	180	1.85e-09	2.01e-09	89.4	59.3	1.85e-09	60.5	74.3	43.3	1.31	10.1	0	0	0	0	0	50.6	9.66	15.7	40.1	29.6	164	1.57e-09	239	71.5	1.26e-09	47.4	111	320	169	1.56e-09	0	0	0	0	0	9.44e-10	181	175	151	3.28e-09	1.18e-09	0.000883	102	175	94.8	61.1	8.48e-10	1.01e-09	32.6	3.37	634	81.6	293	480	451	199	76	6.7e-10	271	1.4e-09	129	732	87.1	1020	2.28e-09	3.93e-10	666	1290	499	1.23e-09	6.15e-10	59.2	26.4	245	130	50.9	64.8	32.1	1.46e-09	106	195	163	615	9.87e-10	76.4
37.5	65.3	78	25.9	26.2	3.25e-09	54.5	12.5	30.2	56.6	43.7	16.9	149	136	95.1	32.2	8.05	12.3	5.5e-09	13.4	54.9	0.00123	1.36e-09	94.4	1.3e-09	1.03e-08	7.53	4.97e-09	2.59e-08	1.71e-08	6.69	32.9	28.8	56.5	4.66	1.07e-09	116	234	152	1.32e-09	13.3	272	1.26e-09	1.51e-09	3.17e-09	0	0	0	0	0	9.52e-05	257	191	3.94	133	289	221	162	46.2	176	46.9	19.2	7.41e-09	1.64e-09	22.7	1.22e-09	1.51e-09	211	1.57e-09	900	153	1.15e-09	27.6	238	131	2.18e-09	1.71e-09	117	1520	150	87.6	633	2.15e-09	381	117	6.71e-10	79.6	11.6	110	149	54.2	80.7	42.1	184	80.6	6.71	2.72e-09	1.71e-05	176	178
270	66.2	87.4	1.11e-09	34.9	55	46.2	6.01	65.5	54.7	3.69e-09	90.6	4.02e-09	0.943	97.9	51.6	38.1	11.7	3.02e-09	14.1	70	37.6	1.13e-09	58.4	22.1	0.0188	3.39	0.0719	5.51e-08	3.68e-08	5.95e-10	54.6	32.1	7.85e-10	29.3	42.6	31.4	267	1.37e-09	149	313	72.8	184	167	27.8	0	0	0	0	0	28	234	210	1.27e-09	3.25e-09	293	139	156	84.2	50.1	55.9	8.92e-10	8.14	11.4	2.11e-09	1180	483	241	39.3	354	190	76	8.7e-10	137	1.77e-09	5.71e-09	2.91e-09	454	223	44.6	337	153	28.3	157	1010	19.8	46.8	36	168	146	97.4	89.1	37.4	1.14e-09	111	52.9	2.61e-09	288	120	129
16	80.4	64.7	186	73	78.7	131	1.62e-09	94	36.2	3.09e-09	78.6	2.94e-09	1.24e-09	165	48	73.7	104	38.8	28.6	10.4	81.9	48.4	19.6	1.22e-09	7.37e-09	3.05	7.54	1.48e-08	1.03e-08	27.7	28.2	2.02e-09	47.4	15	47.5	219	218	1.22e-09	147	135	171	9.98e-10	128	149	0	0	0	0	0	1.13e-09	254	158	1.24e-09	259	7.08e-10	331	1.22e-09	118	109	34.5	8.6e-10	22.5	33.2	11.2	1320	714	523	360	249	141	1.04e-09	2.34e-05	278	233	801	9.24	394	548	30.5	90.8	585	0.088	236	895	19.6	82.7	79.8	79.3	114	99.4	3.63e-05	41.1	1.7e-09	117	9.82e-10	134	485	525	17.4
194	232	1.04e-05	85.3	1.23e-09	98.5	19	24	47.4	63.6	157	63.2	69.8	1.69e-09	66.6	23.1	71.8	25.1	22.7	26.9	59.9	38.8	117	5e-10	31.4	0	0	0	0	0	34.1	22.2	30.6	47.9	5.67	117	174	99.5	1.65e-09	82.1	59.5	187	33.6	62.7	7.19e-05	0	0	0	0	0	17	288	102	1.34e-09	4.13e-09	174	249	153	90.9	8.79	58.4	9.94e-05	1.24e-09	2.21e-09	2.64e-09	165	328	1.85e-09	1.22e-09	897	195	96.7	14.7	111	1.71e-09	390	217	451	91.9	2.35e-09	109	562	630	70.9	241	64.9	124	52	1.25e-09	113	105	204	37.5	2.32e-05	73.1	65.1	3.44e-09	2.94e-09	92.8	157
205	6.63e-10	65	219	258	115	111	89.1	63.2	8.84	50.8	56.1	7.08e-09	4.53e-09	22.2	33.9	53	2.42e-09	3.18e-09	20.4	66.5	38.4	1.12e-09	73.5	1.04e-09	0	0	0	0	0	15.8	18.7	20.9	75.1	34.1	141	245	5.54e-05	152	86.3	36.8	167	151	47.4	270	0	0	0	0	0	1.73e-09	214	118	1.79e-09	4.88e-09	202	276	9.13	59.5	144	18.3	33.7	15.3	5.78	30.9	818	426	698	118	523	137	37.8	37.5	158	22.1	4.34e-09	17.7	319	539	49.5	31.6	585	812	0.529	481	95.8	257	145	143	60.9	161	10.7	43.6	289	43.4	2.18e-09	30	0.000173	150	137
36	9.27e-10	96.7	152	79.1	104	56.9	2.77e-09	32.7	36.3	5.66e-09	34.5	5.07e-09	2.08e-09	104	1.78	27	16.7	5.07e-09	32.6	52.9	21	37.7	91.1	1.02e-09	0.183	5.72	6.44e-09	3.16e-08	2.2e-08	13.4	36.7	30.3	42.3	1.32e-09	138	0.135	248	22.5	95.7	272	135	92.7	52.8	155	0	0	0	0	0	39.7	219	59.9	1.56e-09	7.9	29.3	196	86.6	149	21.7	52.6	3.92e-09	1.22e-09	1.69e-09	25.5	619	347	138	448	581	239	15.2	8.51e-10	54.2	104	5.23e-09	2.5e-09	574	205	2.28e-09	0.0495	640	1.91e-09	199	686	1.21e-08	25.2	42	98.7	170	11	236	35.4	106	76.1	245	1.89e-09	435	147	72.3
308	105	59.1	9.61e-10	97.3	111	1.52e-09	90.4	62.3	54.6	121	52.9	149	128	83.2	3.46e-09	36.4	7.24e-09	1.16	0.686	48.4	55.1	1.11	46.2	0.0932	18.8	3.47e-09	3.33e-09	8.78	5.87e-09	56.1	14.9	1.68e-09	35.9	35.6	95.7	195	229	24.4	184	139	156	100	197	153	0	0	0	0	0	7.03e-10	228	313	105	351	391	18	1.85e-07	79.4	172	60.3	8.44e-10	1.03e-09	6.19	29.6	193	299	549	464	819	75.1	55.5	219	188	188	839	453	312	451	59	227	252	543	358	951	78.2	1.71e-09	32	187	88.6	123	107	37.2	146	74.9	119	34.7	82.9	11.4	123
11.6	1.58e-08	106	11	16.9	45.6	15.3	59.2	0.000252	41.1	6.15e-09	19	76.5	2.94e-09	51.6	55.5	19.4	69.8	62.5	19.5	29.4	85.4	1.3e-09	5.98	47.7	11.7	7.49	0.795	1.7	0.555	43.3	21.5	2.56	20.9	32.2	43.5	48	211	112	95.8	354	66.9	178	154	41.7	0	0	0	0	0	31	136	4.6	2.54e-09	27.3	281	305	25.5	8.71	15.4	36.1	22.3	16.9	2.24e-09	2.43e-09	1.27e-06	105	2.24e-09	75.3	970	228	1.48e-09	7.03e-09	84.2	2.1e-06	383	262	406	285	2.23e-09	263	278	342	189	284	18.2	26.3	63.7	69.4	131	6.36e-09	105	37	0.826	116	9.02e-08	74.4	234	1.29e-09	166
1.73e-09	206	24.1	68.6	81.2	63.7	15.7	7.58	146	41.7	94.3	174	3.68e-09	2.89e-09	1.93e-09	18.7	28.5	2.15e-09	114	24.5	71.4	9.74	1.17e-09	83.4	20.5	4.92e-09	8.57	7.22	1.07e-08	7.33e-09	13.5	41.2	2.02e-09	33.9	34.3	240	187	122	124	24.4	72.2	180	115	109	189	0	0	0	0	0	61.6	258	81.5	1.18e-09	80.3	160	198	11.3	102	1.92e-09	50.5	1.13e-09	2.35	0.935	2.92e-09	438	797	257	456	499	194	1.19e-09	9.95e-08	163	141	32.4	624	304	765	304	279	246	2.46e-09	32.9	331	17.6	2.9	108	115	163	37.1	1.48e-09	46	2.21e-09	105	1.36e-09	3.08e-09	517	1.15e-09	166
3.16e-09	79.9	85.2	2.59e-09	45.8	110	54.5	72.1	47.3	19.4	5.91e-09	3.57e-09	56.9	114	18.7	26.4	14.1	122	79.3	57.7	1.13e-09	65.2	10.1	9.69e-10	1.55	0	0	0	0	0	5.5	54.9	10.2	9.81e-10	2.31e-09	150	1.42e-09	307	9.23	40.6	222	107	93.7	159	1.68e-09	0	0	0	0	0	7.93	284	61	1.4e-09	104	166	158	164	97.1	235	36.1	1.64e-09	1.98e-09	3.43e-09	1.66	487	602	498	9.22e-10	735	180	1.57e-09	137	1.36e-09	2.08e-09	555	1.81e-09	226	847	520	401	8.22e-10	169	343	610	46.2	47.6	135	110	81.6	167	23.7	41.2	183	67.2	69.7	96.4	2.28e-09	238	140
165	176	28.7	131	36.4	149	1.71e-09	32.9	73.6	39.1	1.77e-09	190	104	1.09e-09	119	39.5	50.9	2.13e-09	79.9	8.85e-10	14	37.7	102	30.2	7.87	0	0	0	0	0	10.3	36	2.52e-09	49.9	1.55e-09	288	353	93.3	59.2	198	86	150	85.5	227	80.2	0	0	0	0	0	18.3	234	181	178	2.75e-09	216	367	177	4.08e-10	9.85e-10	45.4	1.3e-09	0.893	2.49e-07	3.36e-09	613	445	335	5.15e-09	625	111	37.4	101	360	173	629	1020	214	745	1.71e-09	92.9	574	102	1.25e-05	744	6.49e-10	64.5	65.1	92.1	152	10.4	215	36	232	56.7	380	747	1.33e-09	207	63.6
171	162	14	150	285	164	185	0.000212	113	19.2	7.02e-09	3.53e-09	4.81e-09	83.9	65.2	0	0	0	0	0	38.6	32.8	75.9	56	1.12e-09	0	0	0	0	0	7.74	31.1	1.02e-07	61.4	1.49e-09	67.2	375	189	6.54e-09	1.13e-05	186	184	9.34e-10	63.6	202	0	0	0	0	0	138	246	323	7.41e-10	151	263	354	206	1.93	148	37.7	1.67	52	50.2	23.1	532	56.1	298	82.1	658	94.7	168	211	186	45.8	834	264	312	509	1.94e-09	1.37e-06	658	498	574	1000	92	193	128	46.6	77.9	64.4	265	31.9	9.89	70.5	332	2.3e-09	312	1.61e-07	135
158	78.6	84.8	1.12e-09	211	7.08	4.09e-09	3.67	7.51	49.8	20.1	64.7	64.4	21.9	53.6	51.6	36.9	74	2.19e-09	25.2	74.4	3.11	0.26	94.4	1.13e-09	0	0	0	0	0	57.4	13	8.55	41.6	1.39	19.9	297	223	20.7	82.9	34.7	120	307	166	22.7	0	0	0	0	0	1.36e-09	249	22.6	65.1	5.59e-09	291	124	26.5	47.6	4.98e-07	50.1	9.1e-10	7.79	3.27	22.7	171	84.9	447	391	748	183	66.7	77.2	53.6	108	48.3	403	302	465	315	126	411	428	1.65e-09	851	87	58	95	186	59.3	102	142	37.8	283	48.4	35.5	535	174	94.8	108
73.7	192	34.9	1.65e-09	62.6	8.42e-09	6.18e-09	15.1	6.04	29.5	4.18e-09	135	7.01e-09	4.83e-09	3.13e-09	25.5	19.5	35.2	41.8	15.4	7	24.8	1.57e-09	88.4	3.33	0.658	1.66	0.161	4.26e-08	0.715	52.3	14	1.53e-09	58	26.4	105	131	172	63.3	43.8	45.7	202	35.2	174	128	0	0	0	0	0	16.9	203	3.8e-09	2.14e-09	8.51e-09	35.8	391	106	65.7	1.26e-09	58.5	7.61e-10	9.31e-10	26.8	43	0.000205	591	579	1e-09	903	189	1.26e-09	88.3	155	1.67e-09	5.15e-09	805	394	1.47e-09	2.59e-09	99.2	502	593	549	400	6.46e-10	43.5	79.6	1.23e-09	178	82	169	34.3	9.74e-10	80	122	60.5	2.42e-09	99.3	161
2.58e-09	172	13.8	2.47e-09	87.2	88.4	2.1e-09	2.59e-09	67.9	48.4	2.26e-09	110	85.2	101	75.5	5.42e-09	0.765	1.08e-08	55.9	6.29e-09	91.8	9.83	1.07e-09	83.2	14.9	0	0	0	0	0	29.1	28	38	46	13.6	296	45.7	229	54.7	43.4	159	88.9	198	186	290	0	0	0	0	0	15.1	147	128	82.8	4.38e-09	0.827	320	238	98.1	10.8	51.9	8.16e-10	1e-09	30.9	43.4	566	1.54e-09	2.13e-09	90.9	625	120	1.46e-09	149	138	1.92e-09	70.5	484	363	600	2.1e-09	92.7	606	109	2.36e-09	495	118	96.2	23.1	157	81.2	88.8	1.18e-09	42.3	1.82e-09	109	152	146	2.16e-09	107	158
1.77e-09	94.4	78.1	28	163	45.9	2.07e-09	43.5	38.6	63.3	31	30.4	2.86e-09	133	77	5.41	60.8	60.5	65.3	56.1	46.8	64	3.7	14.5	31.3	0.944	8.51e-09	3.19	3.43	0.293	20.3	24	29.8	51.5	28.1	81.4	86.4	225	90.7	129	41.8	67.3	371	280	148	0	0	0	0	0	1.31e-09	205	164	39	32.6	96.8	230	30.9	122	103	49.5	6.09e-10	45.8	8.68	1.81e-09	1.12e-09	1.41e-09	124	1.43e-09	1020	206	16.8	0.0314	65.4	0.333	465	538	441	280	166	129	428	805	69.7	734	46.2	55.6	35.6	30.2	141	88.3	20.4	41.7	1.6e-09	111	171	446	359	357	14.7
6.05e-09	2.93	99	4.04e-09	6.08e-09	183	2.12e-09	11.3	2.51e-09	46.9	8.28	132	5.98e-09	16	2.58e-09	51.7	23.5	3.1e-09	3.94e-09	8.05	52.8	59.1	75.7	1.36e-06	1.2e-09	0.531	21.3	4.63	69.9	0.78	7.02e-10	54.4	5.44e-09	7.41	0.482	3.63e-09	5.67e-09	118	5.24e-09	4.59e-09	1.13e-07	238	62.6	1.53e-09	3.09e-09	0	0	0	0	0	1.53e-09	249	2.13e-09	1.64e-09	216	452	139	1.49e-09	54.3	1.59e-09	28.4	10.6	17.2	2.98e-09	3.31e-09	473	1.75e-09	2.4e-09	1.63e-09	619	175	17.4	141	9.85e-10	263	6.34e-09	59.4	535	85.6	2.55e-09	416	0.00163	131	262	7.47e-09	2.15e-05	3.07e-09	3.07e-09	1.82e-09	176	1.61e-09	1.67e-09	41.7	2.28e-09	123	1.39	6.23e-09	10.1	1.76e-09	168
13	218	11.3	1.94e-09	105	148	0.0542	136	1.49e-09	38.2	3.44e-09	75.8	68.1	104	5.39	1.36e-09	69.3	2.84e-09	3.83e-09	23.2	32.5	44.1	1.71e-09	36.3	0.348	10.2	4.32	12.6	38.4	5.17e-07	5.7e-10	45.7	1.55	32.7	37.4	131	196	174	280	116	463	28	133	222	82.1	0	0	0	0	0	78.7	210	46.3	1.36e-09	16.9	210	266	237	55.6	8.9e-10	51.8	10.5	1.3e-09	0.682	2.53e-09	308	318	839	1.01e-09	799	160	1.27e-09	8.5e-10	168	160	3.2e-09	394	257	757	2.4e-09	333	104	181	28.6	242	73.2	76	59.9	23.7	126	93.7	1.28e-09	45.7	2.08e-09	83.6	1.89e-09	3.29	2.81e-09	176	165
72.5	286	4.63e-10	1.49e-09	67.3	28.6	47.5	160	127	37.1	177	9.45e-10	264	204	64.2	52.2	64.7	46.8	2.08e-09	20.3	74.4	11.7	36.9	64.5	3.42	5.04e-09	8.99	6.41	1.11e-08	7.58e-09	60.1	0.297	26.7	55.4	55.3	145	86.1	168	1.72e-09	6.68	261	105	9.7e-10	228	45.6	0.000712	0.000659	0.000564	0.000522	0.000584	9.14e-10	268	30.6	127	160	345	319	230	3.34e-10	104	69.5	7.46e-10	2.65e-09	27.8	11.4	1.07e-09	739	1.68e-09	1.13e-09	807	163	120	62.2	221	37.5	453	1030	115	903	495	251	385	315	117	663	103	79.5	83.6	6.24	92.6	173	63.9	38.3	2.67e-05	92.5	12.9	6.3e-09	0.00129	1.81e-09	162
7.27	141	56.7	64.7	24.6	88	12.4	3.24e-09	37.1	43.6	3.69e-09	52.8	62.8	143	1.23e-09	60.6	37.9	28.9	17.6	71.9	15.1	76.7	1.46e-09	35.4	1.31e-09	5.89e-09	8.53	0.349	4.5	9.43e-09	58.7	8.69	1.38e-09	51.2	47.1	1.07e-09	166	229	1.47e-09	118	114	216	16	60.5	209	0	0	0	0	0	9.93e-10	334	136	40.4	53.6	372	219	204	34.7	18.6	50.5	45.4	6.41	34.8	10.9	10	767	0.0233	1.12e-09	797	147	58.3	1.3e-09	52.8	2.61e-09	207	37.1	264	1100	2.05e-09	159	457	723	275	388	58.6	2.35e-09	5.91	97.7	109	36.8	242	29.9	140	77.4	4.61	4.62e-09	3.63e-09	60.2	157
50.3	181	10.6	254	17.9	141	114	41	124	25.8	69.1	76.2	2.02e-09	161	93.1	39.5	9.43e-10	19.5	50	48.3	4.96	100	0.0261	22.9	5.27	5.75e-09	2.75e-09	13.6	1.06e-08	7.58e-09	58	12.7	27.7	44.6	0.0205	442	2.62	160	23.4	9.78e-10	8.65e-10	210	9.43e-10	78.3	358	0	0	0	0	0	1.54e-09	248	104	1.59e-09	36.8	339	170	89.6	36.9	149	56.8	9.34e-10	1.12e-09	23.7	3.9	9.33e-10	840	105	9.93e-10	889	132	99.8	6.78e-10	360	1.42e-09	2.14e-09	1200	70.6	980	233	277	57.8	1060	540	679	8.49e-10	2.86e-09	2.43e-09	66.5	135	7.9e-10	225	34.2	1.18e-06	105	161	257	1.79e-09	486	38.2
21.1	102	60.7	113	186	2.95e-09	2.05e-09	75.2	45.8	64.6	160	39.5	2.24e-09	176	20.6	4.04e-09	14.1	8.36e-09	1.2e-08	16	57.5	31.6	25.2	80.9	1.02e-09	0	0	0	0	0	5.55e-10	44.5	48.5	38.1	17.5	1.19e-09	146	258	28.8	1.51e-09	166	119	198	102	244	0	0	0	0	0	58.4	283	16	68.6	172	59.6	97.7	47.1	171	150	74.5	0.425	4.84e-08	52.5	29.7	1.12e-09	63.7	535	0.12	820	181	153	27	95.1	163	114	28.1	422	396	2.46e-09	77.5	524	795	472	774	36.7	55.2	32.9	1.65	168	90.4	35.2	40.8	29	97.3	2.92e-09	121	4.35e-09	1.79e-09	127
73.9	54.5	68	116	185	52.8	1.91e-09	109	38.7	47.2	55.6	58.9	144	122	33.1	34.6	30.8	30.6	32.4	41.8	45.7	80.1	53.7	23	9.95e-10	0	0	0	0	0	21.3	47	1.95	7.84	1.45e-05	163	311	175	64.6	2.25	206	4.29e-09	445	234	205	0	0	0	0	0	1.78e-09	225	50.4	13.8	6.1e-09	137	155	166	105	97.7	54.3	2.85	3.66e-06	31.8	4.31	7.79e-10	268	522	1070	658	163	76.3	52.7	70.8	1.98e-09	215	814	179	788	189	88.3	456	855	137	887	55.4	36.5	117	107	104	218	133	41.1	321	22.9	69	614	435	448	3.5e-10
264	169	30	106	1.13e-09	123	2.29e-09	48.8	67.5	10.7	127	160	2.2e-09	72.5	48.4	8.09e-09	11.4	1.68e-08	2.28e-08	4.14	58.7	18.5	0.0777	39.4	78.8	0.773	16.6	8.25	86.4	8.2e-07	6.82e-10	31.8	2.33e-09	65.1	4.05e-07	81.3	2.14e-09	137	7.5	148	60.1	250	1e-08	39.5	70.1	0	0	0	0	0	49.8	304	88.7	1.04e-09	187	145	174	1.91e-09	117	2.11e-09	51.6	1.66	11.1	16.2	20.3	293	1.75e-09	23.6	1.67e-09	706	199	1.36e-09	109	69.1	1.29	210	143	495	122	2.38e-09	340	1.04e-09	555	25	194	6.14e-10	43.3	57.5	148	153	1.14e-09	41.8	41.7	72.3	121	1.62e-09	78	2.5e-09	265	141
177	193	7.4	86.4	200	3.54e-09	34.3	10.4	1.25	68.1	4.28e-09	50.1	156	3.65e-09	1.65e-07	2.15	88.5	2.86e-09	3.69e-09	4.15	78	0.00918	53.6	85.5	1.03e-09	1.28e-08	0.313	5.8	2.4e-08	0.000688	6	38.7	22.3	33.5	12.1	11.6	152	137	155	56.8	159	73.3	219	285	1.38e-09	0	0	0	0	0	91.1	268	28.7	23.1	236	407	238	1.5e-09	11.1	1.58e-09	51.3	2.16	1.29e-09	2.14e-09	8.36	1100	9.56e-10	829	85	484	167	39	1.03e-09	55.9	138	528	462	345	711	114	209	305	820	457	927	6.54e-10	159	26.7	196	115	8.52e-10	210	31.2	0.0796	96.1	9.32e-10	720	1.6e-09	491	57.3
138	8.79e-10	81.9	195	55.3	4.29e-09	2.87e-09	36.5	55.7	40.5	3.21e-09	1.93e-09	129	104	94.1	33.7	32.1	48.8	2.57e-09	41.2	59.6	45.5	50.1	17.9	21.6	0	0	0	0	0	30.9	18.9	54.9	47.5	8.21	262	168	145	191	11.3	69	137	57.4	214	103	0	0	0	0	0	83.2	200	98.4	55.6	286	146	32.9	122	142	30.4	21.3	43.9	1.91e-08	52.2	29	639	224	662	361	684	83.1	102	109	255	304	153	2.28e-09	259	666	350	94.1	500	678	68.6	1050	83.1	145	15.6	44.9	100	0.0178	73.2	44.5	1.66e-09	92.4	396	405	1.7e-09	164	40.5
38.3	109	37.3	52	189	13	88.5	39.5	33.8	29.9	3.37e-09	112	3.82e-09	65.2	39.4	16.4	1.17e-09	2.69e-09	58.2	50.2	14.6	22.2	13.8	95.7	51.9	10	4.56e-09	3.34	6.86e-09	1.17e-08	45.7	10.6	5.98	51.9	65.3	45	85.8	135	148	121	9.54e-10	108	210	239	121	0	0	0	0	0	1.14e-09	246	86.2	77.1	42.1	4.9e-05	168	165	154	1.27e-09	57.7	9.96e-10	2.56	2.19e-09	2.61e-09	722	214	728	1.06e-09	577	165	1.04e-09	113	218	104	2.63e-09	316	101	1020	267	0.312	744	131	576	542	96.1	221	125	146	68.7	141	137	32	300	52.8	63.3	3.22e-09	256	23	173
92.6	123	29.3	172	284	19.6	51.7	106	159	1.61e-08	154	30.3	149	103	53.1	73.6	44.2	92.4	33.6	22.8	16.2	6.03	87.5	76.6	27.6	0	0	0	0	0	61.2	0.000368	16	59.9	19.9	1.51e-09	131	23	155	127	162	71.7	145	125	313	0	0	0	0	0	42.1	245	68.6	1.27e-09	168	229	151	248	84.1	135	49	15.1	1.23	76.3	26.6	1.14e-09	121	299	299	723	77.9	104	129	180	173	133	494	233	763	551	229	175	1100	123	868	64.6	48.8	105	79.1	113	108	127	42.9	249	57.5	279	76.5	222	1.12e-09	115
1.52e-09	123	43.2	63.3	188	89.6	140	16.2	149	16.3	6.8e-09	3.35e-09	4.73e-09	59.9	87.2	1.82e-09	58	19.2	4.87e-09	3.24	57.1	58.8	1.16e-09	53.2	1.06e-09	7.32e-09	7.52	3.08	1.67e-08	1.13e-08	82.8	6.05e-10	4.01	44.8	1.06e-09	124	137	219	93.8	16.8	54.1	130	238	247	35.4	0	0	0	0	0	55.7	214	20	93	4.74e-09	85.5	202	104	112	60.8	39.8	1.27e-09	0.978	2.16e-09	21	9.52e-10	556	150	260	831	140	3.84	133	247	119	638	140	399	408	2.01e-09	267	182	810	227	727	125	125	71.6	33.8	93.1	120	204	29.7	11.7	76.9	113	3.02e-09	2.57e-09	95.8	164
2.52e-09	27	78.9	116	3.26e-09	76.9	2.48e-09	2.41e-09	114	11.5	5.38e-09	84.7	7.2e-09	3.83e-09	31.7	2.84	38.8	2.38e-09	3.46e-09	62.9	30.8	98.2	8.11	5.43e-10	1.23e-09	0	0	0	0	0	6.92e-10	55.6	20.6	9.72e-10	2.25e-09	104	268	172	101	79.6	8.27e-10	177	198	183	140	0	0	0	0	0	0.227	231	66.6	142	107	184	326	125	54.9	33.3	34.5	53.6	6.79e-10	5.57	16.7	496	486	202	1.05e-09	704	110	9.49e-10	188	214	227	187	664	389	267	2.18e-09	369	7.57e-10	644	470	550	42.8	1.7e-09	98.1	103	125	9.86e-10	95.2	35.8	109	101	155	1.72e-09	26.3	365	70.4
60.2	47.4	74.1	55.5	86.1	62.8	71.6	32.9	38.9	23.2	7.59e-09	40.1	7.88e-09	3.49e-09	54.4	1.92e-09	2.02e-09	27.4	111	6.88	25.8	40.6	1.89e-09	33.5	4.08	0	0	0	0	0	9.45e-05	32	24	64.3	1.33e-09	220	1.44e-09	133	13.6	195	375	92	9e-10	230	0.757	0	0	0	0	0	1.17e-09	290	60.5	57.7	12.8	154	353	93.9	48.2	1.24e-09	57.9	6.81	9.06e-10	26.4	22.1	8.44e-10	502	311	71.3	1050	218	1.29e-09	74.1	29.7	87.2	303	91.3	402	276	2.48e-09	91.9	525	2.8e-09	3.19e-09	358	8.57e-10	72.2	0.907	1.82e-09	141	54.1	1.29e-09	44.4	1.91e-09	119	224	35.5	277	1.27e-08	167
2.7e-09	125	60.8	29.6	29.5	89.1	19	13.5	91.2	33.8	4.45e-09	2.44e-09	62.7	41.2	119	73.8	47.2	1.8e-09	2.33e-09	21.7	55.7	42.3	1.27e-09	47.7	18.7	3.15e-09	7.79	3.03e-09	17.7	4.91e-09	60.5	11.3	31.8	45	16.5	233	103	213	1.04e-09	119	128	158	186	38.9	271	0	0	0	0	0	6.73e-10	254	275	193	28.9	356	276	269	15.6	22.1	45.8	33.4	14	70.1	48.6	438	18.9	483	1.17e-09	844	210	1.58e-09	52	29.6	0.000104	22.5	2.2e-09	361	713	70	402	8.04e-10	284	1.82e-09	897	39.7	102	61.5	80.9	132	117	186	32.2	101	78.8	1.21e-08	2.74e-08	1.7e-08	7.65e-09	39.3
1.98e-09	87	62.1	70.3	92.9	43.5	203	210	99.7	5.48e-10	63.9	1.56e-09	2.3e-09	106	155	34.8	25.1	91.4	2.51e-09	25.6	45.7	42.4	72.7	52.6	2.98	0	0	0	0	0	53.2	11.9	49.6	37.8	16	53	280	232	176	9.64e-10	302	14.6	226	1.28e-09	93.4	0	0	0	0	0	93.5	267	187	8.72e-10	227	138	214	168	76	202	44.5	9.43e-10	8.07	31.2	8.31	8.65e-10	9.64e-10	548	609	845	5.52e-09	153	247	140	381	1380	643	109	777	550	9.56	606	452	613	959	18.7	60.8	27.2	52.9	96.2	160	120	41.7	346	28.4	237	1.28e-09	431	408	32.1
188	1.62e-09	105	43.2	39.3	6.62	1.84e-09	83.4	88.1	50.6	0.565	6.85e-09	1.02e-08	10.4	54.4	25.4	29	3.29e-09	4.42e-09	23	80.1	5.73	1.09e-09	101	1.16	2.12e-08	1.04e-08	3.57	0.135	2.8e-08	24.3	37.3	2.34e-09	23.8	25.5	260	94.3	178	33	86.7	8.82e-10	98.2	279	221	159	0	0	0	0	0	40.1	261	30	1.45e-09	5.34e-09	178	232	56.8	88.9	94.8	61.8	13.8	4.31	16.9	2.79	1150	27.4	189	35.6	444	206	101	1.2e-06	106	140	1060	5.85e-08	354	151	264	235	227	636	437	577	6.38e-10	80.5	27.9	156	143	95.3	60.5	40.8	0.00185	114	0.0252	14.3	303	72.4	143
94.9	39.8	69.2	166	286	133	87.9	37.9	94.9	41	125	37.5	107	152	92.4	30.4	17.2	13.4	3.11e-09	57	5.88e-10	70.1	44.4	55.7	1.14e-09	0	0	0	0	0	27.2	40.9	4.39e-09	1.01e-09	5.02	171	148	168	22.1	12.4	268	169	9e-10	51.7	184	0	0	0	0	0	31.5	266	305	3.37e-09	196	117	237	21.5	81.7	184	54	7.1e-10	0.0783	69.8	38.5	1.08e-09	362	29.8	416	728	96.7	135	122	198	120	1070	1.67e-09	256	615	783	50.5	578	705	174	1000	120	152	71.8	179	60.7	1.19e-09	8.29e-10	37.9	207	94	2.01e-09	29.2	11.5	92.3	179
164	78.9	32.6	149	232	40.3	44	50.6	74.8	18.7	181	5.85	190	161	15.5	51.4	22.2	33.8	35.6	47.8	12	57.4	21.9	53.2	1.29e-09	0	0	0	0	0	40.7	18.3	23.9	53.1	12.1	12.7	11.1	229	155	61.9	384	31.4	95.1	196	286	0	0	0	0	0	1.11e-09	289	92.5	33.2	138	197	306	256	63.5	222	38.2	27.9	1.31	68.6	30.4	116	606	317	6.39	790	118	1.3e-09	79.6	201	98.2	395	719	401	1.28e-09	64.2	167	357	898	344	756	116	121	58.5	97.9	76.5	51.6	124	36.3	284	50.7	38.8	246	209	72.3	124
123	91.1	68.8	1.79e-09	2.15e-09	3.53e-09	22.5	23.7	4.48	68.2	34.1	38.5	5.29e-09	2.51e-09	74.9	13.5	18.4	8.3e-09	1.04e-08	3.08e-09	26.6	66.6	1.54e-09	29.4	1.39e-09	0	0	0	0	0	18.6	43.3	15.9	9.56e-10	7.48	142	19.5	201	5.19	56.5	239	72.1	290	59.7	17.2	0	0	0	0	0	1.42e-09	306	53	1.44e-09	28.5	36.5	189	128	122	1.41e-09	55.3	9.81e-10	1.17e-09	22.2	6.75e-06	9.63e-10	183	260	241	938	182	1.27e-09	108	143	1.68e-09	92.5	253	431	310	2.38e-09	349	9.14e-10	132	589	379	23.6	2.37e-09	92.9	1.43e-09	136	117	33.5	43.8	133	87.3	114	46.2	2.63e-09	178	114
250	101	36.7	84.9	138	193	18.2	3.11e-09	2.44e-09	44.4	3e-09	89.4	2.79e-09	192	12.6	0.564	51.6	1.55e-09	146	51.3	42.7	51.9	1.29e-09	5.44e-10	112	7.16	10	2.69e-09	6.7e-09	1.26	6.7e-09	45.7	2.92e-09	42	1.74e-09	237	168	207	94.4	1.47	83.9	216	29.2	89.1	176	0	0	0	0	0	1.85e-09	188	68.5	23.1	6.44	265	328	154	26.5	27.6	46.3	8.97e-10	10.6	36	0.432	126	384	172	1.15e-09	906	165	2.1e-09	48.5	2.01e-09	2.81e-09	5.27e-09	185	518	163	2.39e-09	343	9.9e-10	668	175	69.5	45.4	89.9	96.1	108	119	1.17e-09	45.8	43.2	105	99.6	98.3	35.3	2.95e-09	1.42e-09	169
2.47e-09	241	5.82e-10	2.26e-09	55.2	3.02e-09	27.3	23.1	62.9	60.5	52.8	3.78	1.21e-08	5.63	14.6	63.9	40.9	1.87e-09	2.47e-09	31.4	56.6	35.7	49.1	33.9	0.000107	1.37e-08	3.81	1.72	2.91e-08	0.36	30.5	28.4	4.23	44.1	18.2	213	114	222	41.8	63.5	278	68.6	191	128	0.00348	0	0	0	0	0	8.58e-10	268	291	57.7	123	134	228	260	44	9.5e-10	47.9	15	3.74	15.6	36.7	723	407	481	9.35e-10	704	203	34.1	137	6.05e-07	1.17e-08	238	1460	235	207	2.14e-09	283	68.5	815	1.66e-09	410	20.4	104	35.5	91.6	126	60.8	268	29.2	7.49e-10	80.9	109	37.6	2.45e-09	98.4	170
103	25.4	51.9	299	294	1.94e-09	161	76.7	120	24	2.18e-09	80.8	156	154	38.3	27.9	31.7	78.9	2.85e-09	16.4	28.6	1.63e-06	34.9	86.6	90	0	0	0	0	0	70.1	12.7	48.4	19.1	1.05e-09	104	248	168	170	1.04e-09	160	92.4	148	213	278	0	0	0	0	0	56.5	273	53.7	1.12e-09	207	302	70.9	1.94e-09	90.6	0.0112	35.4	1.39e-09	1.71e-09	2.19e-09	25.4	211	570	46.6	429	659	122	90	9.86e-10	1.28e-09	382	401	647	6.3e-10	1020	39.4	1.35	655	1010	401	769	14.9	112	78.2	140	123	181	193	34.3	110	35.6	651	1.38e-09	418	135	32.9
103	112	31.3	149	260	2.34e-09	1.5e-09	40.1	146	66.9	128	7.82	45.5	1.89e-09	85.3	52	33.3	132	68.1	13.3	7.74	51.7	29.5	98.6	0.00131	0	0	0	0	0	28.6	31.4	2.01e-09	43.9	17	222	165	182	45.3	1.1e-09	380	26.3	177	162	183	0	0	0	0	0	13.2	273	152	33.4	3.48e-09	81	165	124	105	171	58.4	8.52e-10	1.05e-09	4.09	35.7	167	379	173	166	814	141	1.24e-09	185	152	2.01e-05	2.78e-09	531	206	886	51.4	95.5	470	612	141	825	15.8	86.6	60.3	55.9	151	39.8	111	38.9	282	74.8	391	44.4	276	0.174	129
91.9	94.3	65.8	95.1	74.7	147	146	25.1	8.52	18.1	91	4.56e-09	8.15e-09	0.312	24.1	46	43.6	65.9	2.65e-09	8.54e-10	34.6	103	5.97e-09	9.41	1.13e-09	0	0	0	0	0	53.5	28.4	26	21.1	1.19e-09	301	316	145	14	52	462	0.00626	163	84.3	101	0	0	0	0	0	30.8	245	61.1	24.4	76.3	13	57.3	62.7	156	84.9	33.3	33.2	10.7	42	8.47	386	164	96.9	547	661	190	57.2	1.18e-09	16.8	2.35e-09	3.56e-09	210	275	402	487	298	70.7	662	339	697	29.1	90.8	25.4	114	131	114	83.7	39.5	229	52.7	3.89e-07	4.91e-09	57.6	0.0336	199
1.95e-09	9.76e-10	114	163	2.71e-09	64.5	58.9	4.42e-09	3.99	27.3	12	98.8	3.45e-09	1.6e-09	112	0	0	0	0	0	7.79e-10	60	1.61e-09	6.77e-10	109	5.73	1.15e-08	0.228	1.33	2.31e-08	66	3.31e-10	24.8	63	45.5	115	1.89e-09	171	1.61e-09	121	7.64e-10	191	0.0427	288	333	1.59e-06	8.46e-08	1.47e-06	27.5	1.18e-06	0.000239	265	30.7	55.6	87.1	64.7	409	0.498	61.5	22.3	69.4	6.69e-10	8.27e-10	8.02	58.8	721	263	373	97.1	522	219	1.16e-09	8.23e-10	41.5	256	8.43e-09	253	366	2.12e-09	3.51e-09	346	52.3	847	182	501	6.87e-10	57.4	2.24e-09	12.3	177	84.4	97.6	39	1.23e-09	87.6	3.24e-09	152	4.94e-09	1.96e-09	102
51.1	82.1	60.8	2.25e-09	56.3	26.2	10.6	33.2	12	42.7	3.11e-09	132	3.83e-09	1.89e-09	78.7	48.7	1.46e-09	41	3.84e-09	14.5	9.67e-10	53.1	70.3	3.77	0.0691	1.57	8.66	3.97e-09	1.57e-08	1.32e-08	62.3	11.5	36.2	22.3	0.00134	89.7	63.5	164	117	1.5e-09	85.7	227	1.09e-09	1.29e-09	156	0	0	0	0	0	42.6	259	41.7	0.693	5.05e-09	15.1	306	60.9	87.3	122	48.4	10.1	9.17e-10	28.3	37	152	113	363	52.4	811	117	9.83e-10	210	329	1.3e-09	779	2.29e-09	397	296	84.6	28	612	748	649	876	7.53e-10	28.4	49.5	40.4	147	214	126	34.2	250	39.4	330	363	206	23.8	118
47.3	182	30.1	107	85.9	126	1.98e-09	2.39e-09	72	40.8	3.49e-09	137	10	2.86e-09	30.7	17.3	79.4	2.79e-09	3.54e-09	9.6e-10	28	72.2	1.31e-09	1.22e-06	87.5	8.16	4.5	15.4	4.15e-09	1.42	32.9	34.1	2.53e-09	23.4	13.9	124	196	177	1.19e-09	139	10.5	216	75.5	119	104	0	0	0	0	0	2.59e-09	192	4.37e-09	2.56e-09	1e-08	228	297	107	55.8	15.1	65	0.022	1.11e-09	1.98e-09	0.273	825	880	347	8.05e-10	600	104	1.8e-09	6.96	215	3.43	7.47e-09	3.45e-09	450	57.6	67.3	253	223	67.4	405	2.79e-09	7.17e-10	2.6e-09	2.33e-09	49.1	168	1.29e-09	1e-09	43.2	128	107	5.61	4.45	3.44e-09	0.000332	190
105	25.2	79.8	132	130	51.2	71.5	63.5	1.93e-09	38.7	4e-09	37.5	54.6	109	37.9	28.3	1.07e-09	66.4	53.6	28.7	0.651	121	10.3	5.32e-10	2.12	0	0	0	0	0	34.3	21.9	1.9e-09	38.8	30.1	167	267	81.5	120	165	133	38.9	383	237	184	0	0	0	0	0	83.5	270	103	9.86e-10	191	58.4	101	81	162	121	47.9	11.2	8.67	16.9	1.92e-09	200	97.1	589	610	688	1.27e-06	227	199	167	270	550	1760	85.9	481	71	41.9	599	555	185	1030	57.5	224	28.7	101	107	211	124	40.2	346	17	2.92e-09	24.7	1.17e-08	1.83e-09	156
83.6	202	21.2	19.4	200	93.4	3.86e-09	6.13e-09	4.79e-09	30.3	1.1	6.11	2.75e-08	1.14e-08	18.6	70.9	1.15e-09	17.3	3.16e-09	23.1	11.6	64.4	76.4	41.9	1.11e-09	0	0	0	0	0	53.7	14.2	20.3	49.6	1.09e-09	40.5	113	221	12.5	1.66e-09	260	132	157	32.2	194	0	0	0	0	0	1.11e-09	243	179	59.7	3.37e-09	134	75.2	64.8	157	72.7	62.6	30.4	6.77e-10	23.1	1.37e-09	312	247	402	335	677	171	29.8	106	34.3	244	700	78.5	401	299	2.11e-09	90.7	569	685	556	795	6.61e-10	76	1.53e-09	101	157	99.5	126	35.8	217	62.5	1.3e-05	9.61	5.9e-09	2.63e-09	111
63.3	93.2	71.3	26.9	40	178	2.85e-09	4.27e-09	3.49e-09	24.6	34.3	128	5.21e-09	3.44e-09	15.8	62.1	0.000621	3.86	49.1	62	58.2	36	42.7	56.2	5.79	7.94	13.8	7.25	40.5	1.83e-09	1.11e-05	49.7	36.8	25.3	1.53e-09	133	79.7	183	156	62.5	203	119	187	86.3	128	0	0	0	0	0	34.4	263	2.4e-09	0.0178	77	44.9	257	199	119	47.9	9.22	19.2	71.2	3.06	2.26e-09	1.13e-09	319	2.03e-09	1.31e-09	929	230	1.65e-09	26.1	1.68e-09	2.22e-09	0.114	199	525	34.6	62.2	199	219	2.48e-09	105	427	6.51e-10	133	13.7	138	139	1.31e-09	56.3	45.8	1.65e-09	112	0.0533	4.51e-09	135	1.39e-09	190
2.46e-09	253	8.77	17.2	14.4	75.6	3.44e-09	4.02	4.19e-09	42.1	3.28e-09	84.3	3.27e-09	1.41e-09	139	23.6	2.95	60.6	82.4	1.39e-09	7.43	114	0.572	3.55e-05	1.28e-09	7.47e-09	10.3	3.62e-09	1.88e-08	1.24e-08	47	10.8	18.1	65.2	19.8	23.7	84.2	163	152	6.68	83	117	129	96.7	134	0	0	0	0	0	8.24e-10	267	266	41.2	314	87.7	176	221	127	94.8	71.8	5.02	8.41e-10	25.4	2.05	9.57e-10	209	43.2	547	868	122	204	54	25.3	148	4.36e-09	2.46e-09	439	467	2.43e-09	51.7	507	825	294	671	53.5	98.7	56	103	110	43.2	28.2	37.8	0.00995	108	183	253	1.68e-09	402	85.8
66.2	51.4	79.6	54.4	187	119	34.9	82.6	6.62	9.77	6.48e-09	67.5	8.36e-09	4.31e-09	31	16.9	11.4	22.8	8.44	42.8	1.02e-09	56.9	2.21e-09	14.4	21.1	1.4e-08	3.61	1.81	2.96e-08	0.343	81.5	1.94e-06	44.1	51.9	8.59e-10	237	1.45e-09	206	81.5	1.16e-09	1.1e-09	240	1.19e-09	82.9	39.9	0	0	0	0	0	38.8	317	205	1.02e-09	2.83e-09	266	310	0.418	48.7	95.3	64	8.41e-10	1.02e-09	12.6	13.2	544	187	719	9.91e-10	812	131	12.4	160	44.8	81.9	3.42e-09	789	397	315	90.6	318	7.36e-10	607	746	733	3.51	8.35	14.6	141	149	23.9	82.2	38.4	194	95.4	13.3	34.1	3.98e-09	0.0473	153
3.38	212	3.91e-10	296	244	163	74.2	1.69e-09	77.3	46	7.46e-09	8.97	60.1	3.12e-09	55.8	13.3	81.1	81.7	2.32e-09	9.7	15.3	76.8	24.6	47.3	1.12e-09	5.93	3.44e-09	8.01	7.82e-09	9.18e-09	0.000635	40.4	0.354	53.7	11.8	265	250	175	10.6	31.7	158	215	8.93e-10	85.6	169	0	0	0	0	0	1.84e-09	270	3.1e-09	1.82e-09	7.11e-09	252	230	97.5	79.2	96.5	47.6	1.21e-09	1.9	2.66e-09	3.17e-09	321	318	1.89e-09	6.15	749	191	0.000127	76.6	247	44.3	373	2.11e-09	378	484	333	0.0332	686	413	1.48e-09	999	5.86e-10	112	1.24e-09	132	169	96.4	157	37.5	29.3	75.8	118	2.2e-09	2.21e-09	206	159
258	39.4	42.3	257	229	2.16e-09	250	62.8	13.2	11.7	3.68e-09	1.78e-09	2.59e-09	72.1	190	1.15	28.1	9.31e-09	1.19e-08	3.07e-09	3.62e-09	104	1.69e-09	6.43e-10	1.47e-09	0	0	0	0	0	58.8	6.71	33.3	43.1	7.07	282	336	176	9.84e-10	9.03e-10	141	174	70.6	1.15e-09	217	0	0	0	0	0	1.72e-09	255	2.63e-09	1.77e-09	94.7	8.92e-10	8.66e-10	300	197	99.2	40.1	1.09e-09	1.32e-09	30.5	22.6	64.6	472	611	139	794	87.1	319	102	13.9	232	2.82e-09	235	155	1050	47.4	305	0.285	1140	193	917	6.12e-10	78.2	119	129	141	1.07e-09	6.96e-10	38.4	279	87.4	716	1240	565	4.04e-10	0.0062
1.56e-09	9.18e-10	96	147	119	154	61.2	9.72	2.26e-09	31.7	3.53e-09	48.1	111	33.6	59.7	19.5	75	1.95e-09	2.64e-09	37.9	6.56e-10	60.6	71.8	38.9	1.04	17.1	9.73	3.5	3.52e-09	5e-09	18.6	34.7	1.74e-09	30.2	55.6	191	239	194	1.22e-09	1.11e-09	272	48.1	343	96.5	166	0	0	0	0	0	111	233	109	78.7	200	275	155	49.9	88.1	81.5	60.8	9.48e-10	1.14e-09	1.86	6.48	679	8.04e-10	783	890	459	93.6	168	184	89	55.2	665	976	50.7	316	2.72e-09	274	108	883	1.38e-09	704	69.6	72.2	81.3	22.4	125	1.43e-09	1.18e-09	39.9	90.1	106	1.37e-09	145	19.9	355	124
138	223	4.74e-10	156	1.27e-09	106	7.8	78.1	21	48.5	72.8	132	2.57e-09	1.93	115	1.22e-09	90	2.54e-09	38.6	0.617	30.3	47.1	1.35e-09	65.8	1.24e-09	0	0	0	0	0	59.9	12.4	6.6	25.4	44.4	207	18.6	210	28.7	1.3e-09	268	148	98.3	106	11.6	0	0	0	0	0	138	150	14.7	1.24e-09	95.4	172	199	99.4	105	177	35.9	42	8.13e-10	2e-09	4.81	604	310	400	0.0174	715	111	1.05e-09	158	240	136	35.4	250	209	788	658	107	632	359	0.0454	559	63.5	69.7	44.7	179	104	1.15e-09	1.12e-09	42.4	245	82.5	383	370	1.32e-09	560	5.55
81.4	120	48.2	233	1.46e-09	2.5e-09	47.9	72	68.3	55.7	1.3	5.79	1.77e-08	7.1e-09	31.6	49.8	25.9	98.8	2.4e-09	9.47	38.7	84.6	1.25e-09	14	28.8	0.00456	1.49	6.97	1.79e-08	1.26e-08	59.9	9.06	1.79e-09	53.7	7.18	1.67e-09	2.6e-09	210	2.3e-09	68.7	253	129	0.274	29	64.7	0	0	0	0	0	1.27e-09	273	123	27.2	2.9	50.4	140	139	151	66.4	66.4	8.52e-10	1.2e-09	15.3	1.85e-09	1.13e-09	1.41e-09	163	1.44e-09	1000	145	15.7	43.6	122	147	461	1020	375	91.8	243	66.1	517	1030	555	876	45.8	9.54	33.3	13.3	126	126	139	36.9	253	66.6	2.16	296	364	428	65.7
2.12e-09	98.8	52.1	2.13e-09	162	55.5	3.46e-09	3.35	4.26e-09	48.4	145	32.6	2.36e-09	1.18e-09	164	0.538	36	5.82e-09	23.5	2.12e-09	60.9	12.8	1.26e-09	86.5	0.0373	0	0	0	0	0	6.9e-10	29.9	2.28e-09	67.8	0.00103	270	29.6	110	1.61e-09	4.71e-05	6.9e-10	24.1	543	251	295	0	0	0	0	0	1.34e-09	301	90	85	21.4	242	270	91.9	51.7	131	33.1	43.8	5.99e-10	84.9	35.2	270	445	226	314	650	169	4.8	1.42e-07	413	121	656	535	358	329	1.95e-09	273	89	1120	55.7	114	6.08e-10	51.3	46.6	124	163	16.9	97.8	35	159	97	294	80.4	2.46e-09	1.33e-09	108
173	186	22.3	52.1	0.00978	125	13.9	1.72e-09	155	4.76	26.4	130	59.5	50.4	1.57e-09	44	77.8	59.9	53.9	50.1	35.9	24.4	32	46.4	1.51e-09	11	12.3	6.13	22.7	8.84e-08	65.7	4.21	1.44e-09	61.3	26.8	17.2	189	229	117	44.2	125	198	101	13.6	116	0	0	0	0	0	2.19e-09	218	14.4	3.01e-08	8e-09	255	232	97.9	55.5	1.27e-09	54.2	9.54e-10	1.17e-09	1.61e-09	28.2	268	271	231	92.8	814	158	2.25e-09	38	2.19e-09	3.02e-09	150	871	306	347	154	201	364	560	428	773	41.8	52.4	74.9	48.4	139	23.1	53.1	41.4	123	102	12	2.61e-09	339	144	109
71.2	155	29.9	107	318	20.8	3.02e-09	44.1	28.6	40.7	33.4	23.2	47.4	99.3	122	42.8	51.6	39.6	21.4	1.01	25.4	86.6	29.9	40.9	1.02e-09	0	0	0	0	0	26.1	16.9	8.16	75.3	12.1	154	1.66e-09	86.5	183	110	172	155	117	1.02e-09	283	0	0	0	0	0	73.6	208	48.1	29.1	10.3	104	137	77	132	85.5	66.2	5.68	7.63	33	1.02	534	1.21e-09	104	314	690	150	10.3	21.2	189	239	232	606	170	876	300	196	342	412	27.5	781	128	91.5	30.9	80.7	64.5	56.4	1e-09	38.4	88.2	99.9	134	240	416	1.06e-09	83.9
222	137	44.8	87	117	33.3	54.2	85.3	50.9	45	185	135	72.7	26.5	35.9	30.5	0.106	23.4	145	28.8	35.5	61.1	1.22e-09	37.5	46.2	0	0	0	0	0	34.6	19.7	1.64	59.1	13.6	88.5	124	252	156	1.06e-09	283	149	43.9	122	77.5	0	0	0	0	0	1.07e-09	265	20.3	92.2	120	262	344	63.8	17.9	1.28e-09	44.4	1.16e-09	1.77	12.3	6.94	411	413	134	41.5	827	182	9.68	117	102	60.2	136	140	417	541	2.18e-09	296	164	159	338	176	6.59e-10	128	85.1	5.83	159	75.4	11.9	44.2	72.4	101	1.61e-09	3.26e-09	273	48.6	174
3.5e-09	49.9	57.7	67.3	130	2.12e-09	158	49.5	46.4	45.7	7.48e-09	3.52e-09	5.37e-09	2.01e-09	120	20.9	23.4	2.39e-09	3.42e-09	58.8	0.206	116	2.89e-08	5.79e-10	1.32e-09	0	0	0	0	0	51.9	29	0.132	9.77e-10	1.75e-09	291	222	68.8	7.17e-08	179	276	25.2	221	262	282	0	0	0	0	0	1.16e-09	251	80.9	41.1	182	349	33.3	121	79.8	53.7	29.3	38.8	7.78	19.2	23	0.0092	1.29e-09	2.41e-09	778	627	36.3	191	142	331	1.33e-09	172	544	394	1.56e-09	2.66e-09	94.1	144	374	675	749	101	187	131	169	51.1	9.13e-10	101	40.2	199	77.9	83.2	535	240	109	99.3
145	164	33.5	33.8	2.67	90.2	2.07e-09	3.89e-05	91.1	37.2	223	67.5	24.6	2.37e-09	24.4	1.54e-09	68.6	3.19e-09	38.9	1.14e-09	32.6	52.4	1.37e-09	56.1	1.25e-09	5.28e-09	11.2	3.43	1.21e-08	0.137	23.3	32	19.7	24.1	49.3	149	246	57.1	117	120	1.38e-09	107	42.5	278	2.46e-09	0	0	0	0	0	6.94e-09	255	53.5	64.7	48	68.2	342	1.15e-09	70.1	129	41.3	0.00554	1.16e-09	27.3	50	345	67.4	330	1.33e-09	764	154	1.27e-09	72.7	127	130	960	149	511	308	1.66e-09	371	85	124	373	505	7.92e-10	2.81e-09	19.2	29.8	152	129	260	28.9	0.00014	67.6	59.8	156	119	181	125
11.3	50.3	77.4	101	2.89e-09	52.9	63	30	59.2	46.3	4.5e-09	2.96e-09	146	1.98e-09	77.2	36	60.5	39.2	1.98e-09	57.1	20.3	93.4	36.4	5.55e-10	1.25e-09	0	0	0	0	0	34.5	22.1	16	44.6	6.93	199	215	41.8	26.5	42.2	128	178	1.08e-09	131	57.6	0	0	0	0	0	0.114	226	78.9	134	25.4	168	256	87	69.8	91.4	66.4	11.8	1.84	1.72e-09	0.825	60.7	463	116	5.69e-09	938	169	1.14e-09	193	54.4	110	457	237	194	1200	71.2	79.9	529	487	234	1100	12.1	43.3	2.27e-09	34.5	146	123	75.1	36	157	76.1	6.98	5.04e-09	12.9	1.44e-09	204
64.1	188	11.6	176	52.3	2.21e-09	1.39e-09	32	182	64.3	4.73	7.02e-09	1.07e-08	5.85	52.8	44	20.3	29.8	2.7e-09	46.3	46.8	58.9	1.29e-09	44.7	1.18e-09	0	0	0	0	0	25.3	24.9	48.7	42.3	20.5	394	85.1	242	42.5	0.014	306	47.2	217	222	205	0	0	0	0	0	47.3	188	89.6	1.59e-09	4.96e-09	209	350	1.64e-09	16	1.72e-09	52.2	8.64	1.12e-09	2.03e-09	6.89	8.56e-10	714	359	9.6e-10	952	113	125	1.29e-08	150	117	3.98e-09	1150	455	1.16e-09	2.09e-09	315	152	353	0.00223	2.83e-09	35.5	1.59e-09	92.9	109	151	169	120	36.4	267	45	14.3	1.62e-08	10.2	5.05e-09	53.2
130	188	4.23	172	261	115	164	38.4	79.9	7.87	104	77.9	90.1	53.2	45.1	28.4	43.8	126	91.4	6.57e-10	38	80.5	25.9	11.1	0.000123	0	0	0	0	0	28.9	26.2	7.83	36.9	1.5e-09	150	45.9	237	103	1.16e-09	204	28.4	313	202	164	0	0	0	0	0	1.21e-09	217	99.4	39.1	208	70.2	187	91	99.4	181	34.2	9.53	29.6	27.5	1.74e-09	366	476	429	869	466	41.5	124	206	208	136	355	310	189	947	2.15e-09	76.5	483	656	382	802	98.8	144	112	137	58.4	122	93.8	34.4	343	28.2	242	10.4	275	208	103
1.53e-09	98.6	30.9	212	29	2.74e-09	139	4.99	0.0653	51	5.76e-09	75	7.34e-09	4.18	33.2	11.5	46.6	68.9	59.4	33.6	40.7	67.8	52.1	29.8	1.07e-09	0	0	0	0	0	3.66e-06	42.7	2.52e-06	48.1	1.67e-09	210	87.4	187	146	0.0727	263	86.6	73.5	227	276	0	0	0	0	0	6.34e-10	263	237	166	329	17.1	180	91	132	242	44.9	12.7	3.87	38.8	1.54e-09	772	26.2	476	1.15e-09	642	130	339	7.7e-10	9.55e-10	297	4.7e-09	659	361	1.5e-09	268	239	318	109	113	1000	55.4	85.9	49.5	41.7	124	92.6	160	30.5	55.3	75	39.7	350	520	270	51.6
108	198	27.4	1.61e-09	22.5	101	43.6	1.95	38.6	44.9	85	49.7	1.9	97	1.62e-09	7.2	53.5	2.71e-09	10.2	30	58.2	49.7	36.8	42.7	1.41	0	0	0	0	0	7.04	42.1	2.28e-09	36.2	24.1	8.59e-08	3.58e-09	109	8.96	107	70.1	175	104	104	186	0	0	0	0	0	18.9	259	11.9	1.67e-09	6.35e-09	87	249	70.3	114	1.5e-09	42.3	5.66	4.92e-09	9.83	2.59	394	1.04e-09	549	261	763	132	1.39e-09	8.52e-10	282	17.9	4.23e-09	365	461	239	102	184	382	2.44e-09	356	23.7	102	74.3	85.6	172	52.4	1.41e-09	46	40.8	24.7	100	6.72e-06	133	239	261	124
165	81.8	61.3	140	27.1	21.1	23.5	11	64.9	67.1	2.45e-09	81.2	106	47.8	113	39.9	43.9	111	0.271	45.7	55.6	57.8	1.31e-09	5.68	60	9.42	17.7	1.34e-09	20.4	1.2	2.68	46.7	2.85e-09	41.3	1.68e-09	337	238	158	1.01e-09	9.42e-10	254	97.1	196	126	16.1	0	0	0	0	0	62.4	270	32.9	1.23e-09	68.7	52.2	206	2.19e-09	108	2.43e-09	58.3	1.59e-06	1.2	2.19e-09	2.61e-09	335	314	174	1.16e-09	809	87.9	9.87e-10	154	343	122	324	758	147	139	3.33e-09	238	252	295	0.311	393	50	62.4	54	99.4	106	64.7	219	35.6	170	60.8	0.00254	2.45e-09	2.55e-09	220	172
182	54.4	69.5	55	50.9	3.75e-09	24.3	74.9	13.5	43.5	5.33e-09	72.1	6.28e-09	3.01e-09	53.5	58.9	68.4	1.19e-09	45.4	67.7	43.1	59.5	1.16e-09	63.7	1.66	0.576	0.0351	6.19	1.71e-08	1.05	6.73e-10	31.6	2.16e-09	47.6	27.7	267	1.22e-09	171	26.9	187	8.5e-10	158	290	103	133	0	0	0	0	0	1.29e-09	192	19.7	88.2	123	304	246	1.1e-09	24.6	127	46.5	18.5	8.08e-10	22.4	51.4	1.01e-09	774	1.58e-09	62.6	835	172	1.18e-09	4.86e-09	154	209	43.8	1340	345	284	100	176	471	480	1.61e-09	678	6.23e-10	1.59e-09	54	181	148	104	141	39.4	5.31	73.1	149	518	1.91e-09	49.7	140
65	7.09	84.4	237	139	48.4	38.6	22.1	67.4	50.3	2.54e-09	46.5	116	105	104	48.8	38.8	158	1.64e-09	33.7	75.5	46.3	1.23e-09	41	1.13e-09	0	0	0	0	0	2.18e-08	47.5	8.42	19.4	17.9	313	100	196	43.4	9.87e-10	265	158	3.11e-06	77.7	112	0	0	0	0	0	97.4	261	182	53.4	68.1	216	122	188	103	157	55.2	14.7	7.96	41.9	37.2	1.06e-09	450	97.3	151	830	180	4.66e-09	13.8	282	245	5e-09	277	559	118	5.05	151	368	1090	92.4	935	2.74	8.12	73.6	1.73e-09	122	98.2	132	34.8	369	59	1.88e-09	4.25e-09	239	1.42e-09	168
2.11e-09	76.7	67.5	131	2.55e-09	113	274	237	105	4.1e-10	2.49	8.6	0.701	7.57e-09	28	38.3	23.5	56.4	3.41e-09	4.89	37.5	17.6	111	64.7	0.4	0	0	0	0	0	6.29e-10	38.1	8.92	48.8	14.3	183	167	24.5	200	80.4	6.86e-10	29.9	525	242	319	0	0	0	0	0	1.15e-09	245	122	1.27e-09	331	206	141	117	90.4	171	54.9	3.01	1.23e-09	2.28e-09	2.69e-09	602	1.12e-09	741	1.21e-09	627	84.8	113	1.1e-09	43.6	298	21.4	156	591	0.00404	2.34e-09	6.17e-08	727	2.15e-09	561	2.42e-09	147	110	126	145	38.6	1.5e-09	1.57e-07	40.8	83.1	102	126	2.41e-09	2.37e-09	178	146
137	123	61.6	31.8	1.76e-09	2.86	3.11e-09	4.19e-09	41.3	53.2	2.06e-09	111	97.6	108	95.7	57	10.2	52.8	43.6	5.88	63.6	48.4	1.49e-09	21.8	0.000208	11.7	5.16	1.68	5.51e-09	8.46e-09	6.39e-10	40.8	2.5e-09	44.4	12.6	102	95.8	228	175	1.09e-09	51.9	148	97.2	316	129	0	0	0	0	0	1.47e-09	287	65.1	1.5e-09	31	186	310	188	47.6	9.82e-10	57.9	33.7	7.2e-10	3.02	1.75e-09	1.03e-09	444	56.8	1.17e-09	959	189	1.3e-09	0.00721	229	1.74e-09	877	202	422	311	1.86e-09	280	172	510	2.1e-09	293	6.83e-10	29.5	2.56e-09	1.6e-09	186	159	240	32.3	67.1	63.2	1.88e-09	34.7	113	49.6	179
42.7	127	26.3	194	85.2	67.8	1.83e-09	34.2	71.6	57.5	4.69e-09	47.6	4.13e-09	119	26.6	20.5	13.8	6.73e-09	8.61e-09	4.12	7	72.3	1.07e-08	36.1	1.43e-09	3.75	4.75	7.73	1.6e-06	4.28	1.49e-05	31.9	2.38e-09	60.5	3.46	44.6	0.945	253	6.83	157	51.5	225	75.7	85.3	42.3	0	0	0	0	0	1.38e-09	271	23.7	47	5.47e-09	190	333	104	64.4	86.4	51.8	1.01e-09	3.32e-07	28.7	1.85e-09	9.32e-10	375	233	119	973	191	1.55e-09	89.7	34.4	0.0361	669	437	355	634	1.75e-09	248	264	375	265	240	3.08e-09	17.2	10.2	14.4	159	137	170	32.8	22.8	75.4	2.24e-09	83.1	3.49	1.39e-09	187
